# buffer size: 256B

# 2, 200
39 40 40 40 41 41 42 42 43 44 44 45 45 46 46 47 47 48 48 49 49 49 50 50 51 51 52 52 52 53 53 54 54 55 55 56 56 57 57 58 58 59 59 59 60 60 61 61 62 62 
63 63 63 64 64 65 65 65 66 66 67 67 68 68 68 69 69 70 70 70 71 71 71 72 72 73 73 74 74 74 75 75 76 76 76 77 77 78 78 79 79 79 80 80 81 81 81 82 82 
83 


# 2, 400
112 112 112 112 113 113 114 114 114 115 115 115 116 116 116 117 117 117 118 118 119 119 119 120 120 120 121 121 121 122 122 122 123 123 123 124 124 124 125 125 126 126 126 127 127 127 128 128 128 129 
129 129 130 130 130 131 131 131 132 132 132 133 133 134 134 134 135 135 135 136 136 136 137 137 137 138 138 138 139 139 139 140 140 140 141 141 141 142 142 143 143 143 144 144 144 145 145 145 146 146 
146 147 147 147 148 148 148 149 149 149 150 150 151 151 151 152 152 152 153 153 153 154 154 154 155 155 155 156 156 157 157 157 158 158 158 159 159 159 160 160 160 161 161 161 162 162 163 163 163 164 
164 164 165 165 165 166 166 166 167 167 168 168 168 169 169 169 170 170 170 171 171 171 172 172 173 173 173 174 174 174 175 175 175 176 176 177 177 177 178 178 178 179 179 180 180 180 181 181 181 
182

# 2, 600
76 76 77 77 77 78 78 78 79 79 80 80 80 81 81 82 82 82 83 83 83 84 84 84 85 85 86 86 86 87 87 87 88 88 89 89 89 90 90 90 91 91 91 92 92 93 93 93 94 94 
94 95 95 95 96 96 96 97 97 97 98 98 99 99 99 100 100 100 101 101 102 102 102 103 103 103 104 104 104 105 105 105 106 106 106 107 107 108 108 108 109 109 109 110 110 110 111 111 111 112 
112 112 113 113 113 114 114 114 115 115 116 116 116 117 117 117 118 118 118 119 119 119 120 120 121 121 121 122 122 122 123 123 123 124 124 125 125 125 126 126 126 127 127 127 128 128 129 129 129 130 
130 130 131 131 131 132 132 132 133 133 134 134 134 135 135 135 136 136 136 137 137 137 138 138 139 139 139 140 140 140 141 141 142 142 142 143 143 144 144 144 145 145 146 146 146 147 147 147 148 148 
148 149 149 149 150 150 151 151 152 152 152 153 153 153 154 154 155 155 155 156 156 156 157 157 158 158 158 159 159 160 160 160 161 161 161 162 162 163 163 163 164 164 164 165 165 165 166 166 167 167 
167 168 168 168 169 169 169 170 170 171 171 171 172 172 172 173 173 173 174 174 175 175 175 176 176 176 177 177 177 178 178 179 179 180 180 180 181 181 181 182 182 183 183 183 184 184 185 185 185 
186

# 2, 800
95 95 96 96 96 97 97 98 98 98 99 99 100 100 100 101 101 101 102 102 102 103 103 103 104 104 104 105 105 105 106 106 106 107 107 108 108 108 109 109 109 110 110 111 111 111 112 112 112 113 
113 113 114 114 114 115 115 115 116 116 116 117 117 117 118 118 119 119 119 120 120 120 121 121 121 122 122 123 123 123 124 124 124 125 125 125 126 126 127 127 127 128 128 128 129 129 129 130 130 130 
131 131 132 132 132 133 133 133 134 134 134 135 135 136 136 136 137 137 137 138 138 138 139 139 140 140 140 141 141 141 142 142 143 143 143 144 144 144 145 145 146 146 146 147 147 147 148 148 148 149 
149 150 150 150 151 151 151 152 152 153 153 153 154 154 154 155 155 155 156 156 157 157 157 158 158 158 159 159 159 160 160 161 161 161 162 162 163 163 163 164 164 164 165 165 166 166 166 167 167 167 
168 168 168 169 169 170 170 170 171 171 171 172 172 173 173 173 174 174 174 175 175 176 176 176 177 177 177 178 178 179 179 179 180 180 181 181 181 182 182 183 183 183 184 184 184 185 185 186 186 186 
187 187 188 188 188 189 189 189 190 190 191 191 191 192 192 192 193 193 194 194 194 195 195 196 196 196 197 197 197 198 198 199 199 199 200 200 201 201 201 202 202 202 203 203 204 204 204 205 205 205 
206 206 207 207 207 208 208 209 209 209 210 210 210 211 211 212 212 212 213 213 214 214 214 215 215 215 216 216 217 217 217 218 218 219 219 219 220 220 220 221 221 222 222 222 223 223 223 224 224 225 
225 225 226 226 227 227 227 228 228 228 229 229 230 230 230 231 231 232 232 232 233 233 233 234 234 235 235 235 236 236 237 237 237 238 238 239 239 239 240 240 241 241 241 242 242 243 243 243 244 
244

# 2, 1000
113 113 113 114 114 115 115 115 116 116 117 117 117 118 118 118 119 119 119 120 120 120 121 121 122 122 122 123 123 123 124 124 124 125 125 126 126 126 127 127 127 128 128 128 129 129 130 130 130 131 
131 131 131 132 132 133 133 133 134 134 134 135 135 135 136 136 136 137 137 137 138 138 138 139 139 139 140 140 140 141 141 141 142 142 142 143 143 144 144 144 145 145 145 146 146 146 147 147 147 148 
148 148 149 149 149 150 150 150 151 151 152 152 152 153 153 153 154 154 154 155 155 155 156 156 156 157 157 157 158 158 159 159 159 160 160 160 161 161 162 162 162 163 163 163 164 164 165 165 165 166 
166 166 167 167 167 168 168 169 169 170 170 170 171 171 171 172 172 172 173 173 174 174 174 175 175 175 176 176 177 177 177 178 178 178 179 179 179 180 180 181 181 182 182 183 183 183 184 184 184 185 
185 185 186 186 186 187 187 188 188 188 189 189 189 190 190 191 191 191 192 192 193 193 193 194 194 194 195 195 195 196 196 197 197 198 198 198 199 199 200 200 200 201 201 202 202 202 203 203 203 204 
204 205 205 205 206 206 206 207 207 208 208 208 209 209 210 210 210 211 211 212 212 212 213 213 213 214 214 215 215 215 216 216 216 217 217 218 218 218 219 219 219 220 220 221 221 221 222 222 222 223 
223 224 224 224 225 225 226 226 226 227 227 227 228 228 228 229 229 230 230 230 231 231 231 232 232 233 233 233 234 234 235 235 235 236 236 237 237 237 238 238 238 239 239 240 240 240 241 241 241 242 
242 242 243 243 244 244 244 245 245 245 246 246 247 247 247 248 248 249 249 249 250 250 251 251 251 252 252 253 253 253 254 254 254 255 255 256 256 256 257 257 258 258 258 259 259 260 260 260 261 261 
262 262 262 263 263 264 264 264 265 265 266 266 266 267 267 268 268 268 269 270 270 271 271 272 272 272 273 273 274 274 275 275 275 276 276 277 277 277 278 278 279 279 279 280 280 280 281 282 282 282 
283 283 284 284 284 285 285 285 286 286 287 287 287 288 288 289 289 289 290 290 291 291 291 292 292 293 293 293 294 294 295 295 295 296 296 297 297 297 298 298 299 299 299 300 300 301 301 301 302 
302

# 2, 1200
129 129 129 130 130 131 131 131 132 132 133 133 133 134 134 134 135 135 135 136 136 137 137 137 138 138 138 139 139 139 140 140 140 141 141 142 142 142 143 143 144 144 144 145 145 146 146 147 147 147 
148 148 148 149 149 150 150 150 151 151 152 152 152 153 153 154 154 154 155 155 156 156 156 157 157 158 158 159 159 160 160 160 161 161 162 162 162 163 163 164 164 164 165 165 166 166 166 167 167 168 
168 168 169 170 170 170 171 171 171 172 172 173 173 173 174 174 175 175 176 176 177 177 177 178 178 179 179 179 180 180 181 181 181 182 182 183 183 183 184 184 185 185 186 186 187 187 188 188 189 189 
190 190 190 191 191 191 192 192 193 193 193 194 194 195 195 195 196 196 197 197 197 198 198 199 199 199 200 200 201 201 201 202 202 203 203 203 204 204 205 205 205 206 206 207 207 207 208 208 209 209 
209 210 210 210 211 211 212 212 212 213 213 214 214 215 215 216 216 216 217 217 218 218 218 219 219 219 220 220 221 221 222 222 222 223 223 224 224 224 225 225 226 226 226 227 227 228 228 229 229 229 
230 230 231 231 231 232 232 233 233 234 234 234 235 235 236 236 236 237 237 238 238 239 239 239 240 240 241 241 242 242 242 243 243 243 244 244 245 245 245 246 246 247 247 247 248 248 249 249 250 250 
250 251 251 252 252 252 253 253 254 254 255 255 256 256 257 257 258 258 258 259 260 260 260 261 261 262 262 263 263 264 264 265 265 266 267 267 268 268 269 269 270 270 271 271 272 272 273 273 274 274 
275 275 276 276 276 277 277 278 278 279 279 280 281 281 282 282 283 283 283 284 284 285 285 286 286 287 288 288 288 289 289 290 290 291 291 292 292 293 293 293 294 294 295 295 296 296 297 297 298 298 
298 299 299 300 300 301 301 302 302 303 303 304 304 304 305 305 306 306 307 307 308 308 308 309 309 310 310 311 311 311 312 312 313 313 314 315 315 316 316 317 317 318 318 318 319 319 320 320 321 321 
321 322 322 323 323 324 324 324 325 325 326 326 327 327 328 328 328 329 329 330 330 331 331 332 332 332 333 333 334 334 335 335 335 336 336 337 337 338 338 338 339 339 340 340 341 342 343 345 346 346 
347 347 348 349 350 351 351 352 352 353 353 354 354 355 355 355 356 356 357 357 358 358 358 359 359 360 360 361 364 364 365 365 366 366 367 367 368 368 368 369 369 370 370 370 371 371 372 372 373 373 
373 374 374 375 375 376 376 377 377 377 378 378 379 379 380 380 381 381 381 382 382 383 383 384 384 384 385 385 386 386 386 387 387 388 388 389 389 389 390 390 391 391 392 392 393 393 393 394 394 
395

# 2, 1400
156 156 156 156 157 157 158 158 158 159 159 160 160 160 161 161 161 162 162 163 163 163 164 164 164 165 165 165 166 166 166 167 167 168 168 168 169 169 169 170 170 171 171 171 172 172 172 173 173 174 
174 174 175 175 175 176 176 177 177 177 178 178 178 179 179 179 180 180 181 181 181 182 182 183 183 183 184 184 185 185 185 186 186 187 187 187 188 188 188 189 189 190 190 190 191 191 192 192 192 193 
193 193 194 194 195 195 195 196 196 196 197 197 197 198 198 199 199 200 200 200 201 201 202 202 202 203 203 204 204 204 205 205 206 206 206 207 207 208 208 208 209 209 210 210 210 211 211 212 212 212 
213 213 214 214 214 215 215 216 216 216 217 217 218 218 218 219 219 220 220 221 221 221 222 222 222 223 223 224 224 224 225 225 226 226 227 227 228 228 228 229 229 230 230 230 231 231 231 232 233 233 
233 234 234 234 235 235 236 236 236 237 237 237 238 238 239 239 239 240 240 241 241 241 242 242 242 243 243 244 244 245 245 246 246 247 247 248 248 248 249 249 250 250 250 251 252 252 252 253 253 254 
254 254 255 255 256 256 256 257 257 258 258 259 259 260 260 261 261 262 262 262 263 263 264 264 265 265 266 266 267 267 267 268 268 269 269 270 270 271 271 271 272 272 273 273 273 274 274 274 275 275 
276 276 276 277 278 278 279 279 279 280 280 281 281 281 282 282 282 283 284 284 284 285 285 286 286 286 287 287 288 288 288 289 289 290 290 290 291 291 292 292 292 293 293 294 294 294 295 295 296 296 
297 297 297 298 298 298 299 299 300 300 300 301 301 302 302 303 303 303 304 304 305 305 305 306 306 307 307 307 308 308 309 309 310 310 311 311 311 312 313 313 314 314 314 315 315 316 316 317 317 317 
318 318 319 319 320 320 320 321 321 322 322 323 323 323 324 324 325 325 326 326 327 327 327 328 328 329 329 330 330 330 331 331 332 332 333 333 333 334 334 335 335 336 336 336 337 337 338 338 339 339 
339 340 340 341 341 342 342 343 343 344 344 345 345 346 346 346 347 347 348 348 349 349 350 350 351 351 351 352 352 353 353 354 354 355 355 356 356 357 357 357 358 358 359 359 360 360 361 361 362 362 
362 363 363 364 364 364 365 365 366 367 367 367 368 368 369 369 370 370 370 371 371 372 372 373 373 374 374 375 375 375 376 376 377 377 378 378 379 379 379 380 380 381 381 381 382 382 383 383 384 384 
384 385 385 386 386 387 387 387 388 388 389 389 390 390 390 391 391 392 392 393 393 394 394 395 395 396 396 396 397 397 398 398 399 399 400 400 400 401 401 402 402 403 403 404 404 404 405 405 406 406 
407 407 408 408 409 409 410 410 411 411 411 412 412 413 413 414 414 415 415 416 416 417 417 418 418 418 419 419 420 420 421 421 422 422 423 423 424 424 425 425 425 426 426 427 427 428 428 429 429 429 
430 430 431 431 432 432 433 433 434 434 434 435 435 436 436 437 437 438 438 439 439 439 440 440 441 441 442 442 443 443 444 444 444 445 445 446 446 447 447 448 448 449 449 449 450 450 451 451 452 
452

# 2, 1600
162 162 163 163 164 164 164 165 165 166 166 167 167 167 168 168 168 169 169 170 170 170 171 171 172 172 172 173 173 173 174 174 174 175 175 176 176 177 177 177 178 178 179 179 179 180 180 180 181 181 
182 182 183 183 183 184 184 185 185 185 186 186 187 187 188 188 188 189 189 190 190 190 191 191 192 192 192 193 193 194 194 195 195 195 196 196 197 197 197 198 198 198 199 199 200 200 201 201 202 202 
202 203 203 204 204 204 205 205 205 206 206 207 207 208 208 208 209 209 210 210 211 211 212 212 213 213 214 214 214 215 215 216 216 216 217 217 218 218 219 220 220 220 221 221 222 222 222 223 223 223 
224 224 225 225 226 226 226 227 227 228 228 228 229 229 230 230 230 231 231 232 232 232 233 233 234 234 234 235 235 236 236 236 237 237 237 238 238 239 239 240 240 241 241 241 242 242 243 243 244 244 
245 245 246 246 246 247 247 248 248 248 249 249 250 250 250 251 251 252 252 252 253 253 254 254 254 255 255 256 256 256 257 257 258 258 258 259 260 260 262 262 262 263 263 264 264 264 265 265 266 266 
266 267 267 268 268 268 269 269 270 270 271 273 274 275 275 275 276 277 277 278 278 278 279 279 280 280 280 281 281 282 282 283 283 283 284 284 285 285 286 287 287 288 289 289 290 290 291 291 292 292 
292 293 294 294 295 295 296 296 297 297 298 298 298 299 299 300 300 300 301 301 302 302 302 303 303 304 304 305 305 305 306 306 307 307 307 308 308 309 309 310 310 310 311 311 312 312 312 313 313 314 
314 314 315 315 316 316 316 317 317 318 318 318 319 319 320 320 320 321 321 322 322 322 323 323 324 324 324 325 325 326 326 326 327 327 328 328 329 329 329 330 330 331 331 331 332 332 333 333 333 334 
334 335 335 335 336 336 337 337 337 338 338 339 339 339 340 340 341 341 342 342 342 343 343 344 344 345 345 345 346 346 347 347 348 348 348 349 349 350 350 350 351 351 352 352 352 353 353 354 354 354 
355 355 356 356 357 357 357 358 358 359 359 360 360 360 361 361 362 362 362 363 363 364 364 365 365 365 366 366 367 367 368 368 369 369 369 370 370 371 371 371 372 372 373 373 373 374 374 375 375 376 
376 376 377 377 378 378 378 379 379 380 380 381 381 381 382 382 383 383 384 384 384 385 385 386 386 386 387 387 388 388 389 389 389 390 390 391 391 392 392 392 393 393 394 394 394 395 395 396 396 396 
397 397 398 398 398 399 399 400 400 401 401 401 402 402 403 403 403 404 404 405 405 406 406 406 407 407 408 408 408 409 409 410 410 411 411 411 412 412 413 413 413 414 414 415 415 416 416 416 417 417 
418 418 418 419 419 420 420 420 421 421 422 422 423 423 423 424 424 425 425 425 426 426 427 427 428 428 429 429 430 430 431 431 431 432 432 433 433 433 434 434 435 435 436 436 436 437 437 438 438 439 
439 439 440 440 441 441 442 442 443 443 444 444 444 445 445 446 446 446 447 447 448 448 449 449 449 450 451 451 452 452 452 453 453 454 454 455 455 456 456 457 457 457 458 459 459 459 460 460 461 462 
462 463 463 464 464 465 465 466 466 466 467 467 468 468 468 469 470 470 470 471 471 472 472 473 473 474 474 475 475 476 476 477 477 478 478 479 479 480 480 481 481 482 482 483 483 484 484 484 485 485 
486 486 487 487 488 488 489 489 490 490 490 491 492 492 492 493 494 494 495 495 495 496 496 497 497 498 498 499 499 499 500 500 501 501 502 502 503 503 504 504 505 505 506 506 507 507 508 508 509 
509

# 2, 1800
184 185 185 185 186 186 186 187 187 188 188 188 189 189 190 190 191 191 191 192 192 193 193 194 194 194 195 195 196 196 196 197 197 198 198 198 199 199 199 200 200 201 201 201 202 202 203 203 204 204 
204 205 205 206 206 206 207 207 208 208 209 209 210 210 210 211 211 211 212 212 212 213 213 214 214 214 215 215 216 216 216 217 217 218 218 218 219 219 220 220 220 221 221 222 222 223 223 223 224 224 
224 225 225 226 226 226 227 227 228 228 229 229 229 230 230 230 231 231 232 232 232 233 233 234 234 234 235 235 236 236 236 237 237 238 238 238 239 239 240 240 241 241 241 242 242 243 243 243 244 244 
244 245 245 246 246 246 247 247 247 248 248 249 249 249 250 250 251 251 251 252 252 253 253 253 254 254 255 255 255 256 256 257 257 257 258 258 258 259 259 260 260 261 261 261 262 262 263 263 263 264 
264 264 265 265 266 266 266 267 267 268 268 269 269 269 270 270 271 271 272 272 272 273 273 274 274 274 275 275 276 276 276 277 277 278 278 279 279 279 280 280 281 281 281 282 282 283 283 283 284 284 
285 285 285 286 286 287 287 288 288 288 289 289 290 290 291 291 291 292 292 293 293 293 294 294 295 295 295 296 296 297 297 298 298 298 299 299 300 300 301 301 301 302 302 303 303 303 304 304 305 305 
305 306 306 307 307 307 308 308 309 309 309 310 310 311 311 312 312 312 313 313 314 314 314 315 315 316 316 317 317 317 318 318 319 319 320 320 320 321 321 322 322 323 323 323 324 324 325 325 325 326 
326 327 327 327 328 328 329 329 329 330 330 331 331 332 332 332 333 333 334 334 334 335 335 336 336 336 337 337 338 338 339 339 339 340 340 341 341 342 342 342 343 343 344 344 344 345 345 346 346 347 
347 347 348 348 349 349 350 350 350 351 351 352 352 352 353 353 354 354 355 355 355 356 356 357 357 358 358 358 359 359 360 360 361 361 362 362 362 363 363 364 364 365 365 365 366 366 367 367 367 368 
368 369 369 370 370 371 371 371 372 372 373 373 374 374 375 375 375 376 376 377 377 378 378 378 379 379 380 380 381 381 382 382 383 383 383 384 384 385 385 386 386 386 387 387 388 388 389 389 390 390 
390 391 391 392 392 393 393 393 394 394 395 395 396 396 396 397 397 398 398 399 399 399 400 400 401 401 402 402 403 403 403 404 404 405 405 406 406 406 407 407 408 408 408 409 409 410 410 411 411 412 
412 412 413 413 414 414 415 415 415 416 416 417 417 418 418 418 419 419 420 420 421 421 421 422 422 423 423 424 424 425 425 425 426 426 427 427 428 428 428 429 429 430 430 430 431 431 432 432 433 433 
433 434 434 435 435 436 436 437 437 437 438 438 439 439 440 440 440 441 441 442 442 443 443 443 444 444 445 445 446 446 447 447 447 448 448 449 449 450 450 451 451 451 452 452 453 453 454 454 454 455 
455 456 456 457 457 457 458 458 459 459 460 460 461 461 462 462 462 463 463 464 464 465 465 466 466 466 467 467 468 468 469 469 470 470 471 471 471 472 472 473 473 474 474 474 475 475 476 476 477 477 
477 478 478 479 479 480 480 480 481 481 482 482 483 483 483 484 484 485 485 486 486 487 487 487 488 488 489 489 490 490 491 491 491 492 492 493 493 494 494 494 495 495 496 496 497 497 498 498 499 499 
499 500 500 501 501 502 502 502 503 503 504 504 505 505 506 506 506 507 507 508 508 509 509 510 510 511 511 512 512 512 513 513 514 514 515 515 516 516 516 517 517 518 518 519 519 520 520 521 521 521 
522 522 523 523 524 524 525 525 526 526 526 527 527 528 528 529 529 530 530 531 531 531 532 533 533 534 534 535 535 535 536 536 537 537 538 538 539 539 540 540 540 541 541 542 542 543 543 544 544 544 
545 545 546 546 547 547 548 548 549 549 550 550 551 551 552 552 553 553 553 554 554 555 555 556 556 556 557 557 558 558 559 559 560 560 561 561 562 562 563 563 564 564 565 565 565 566 566 567 567 
568

# 2, 2000
196 197 197 197 198 198 199 199 200 200 201 201 201 202 202 202 203 203 203 204 204 205 205 205 206 206 207 207 207 208 208 208 209 209 210 210 210 211 211 212 212 212 213 213 214 214 214 215 215 216 
216 216 217 217 218 218 219 219 219 220 220 221 221 222 222 222 223 223 224 224 225 225 225 226 226 227 227 227 228 228 228 229 229 230 230 231 231 231 232 232 233 233 233 234 234 235 235 235 236 236 
236 237 237 238 238 238 239 239 239 240 240 241 241 241 242 242 242 243 243 244 244 244 245 245 246 246 246 247 247 248 248 248 249 249 249 250 250 251 251 252 252 252 253 253 254 254 254 255 255 256 
256 256 257 257 258 258 259 259 259 260 260 260 261 261 262 262 262 263 263 264 264 264 265 265 266 266 266 267 267 268 268 268 269 269 270 270 270 271 271 272 272 272 273 273 274 274 274 275 275 276 
276 276 277 277 278 278 279 279 279 280 280 281 281 281 282 282 283 283 283 284 284 285 285 285 286 286 287 287 287 288 288 289 289 290 290 290 291 291 292 292 292 293 293 294 294 294 295 295 296 296 
296 297 297 298 298 298 299 299 300 300 300 301 301 302 302 302 303 303 304 304 304 305 305 306 306 307 307 307 308 308 309 309 310 310 310 311 311 312 312 313 313 313 314 314 314 315 315 316 316 316 
317 317 318 318 318 319 319 320 320 320 321 321 322 322 322 323 323 324 324 325 325 326 326 327 327 327 328 328 329 329 329 330 330 331 331 332 332 333 333 333 334 334 335 335 336 336 336 337 337 338 
338 338 339 339 340 340 340 341 341 341 342 342 343 343 343 344 344 345 345 346 346 347 347 347 348 348 349 349 349 350 350 351 351 352 352 352 353 353 354 354 354 355 355 356 356 356 357 357 358 358 
359 359 359 360 360 361 361 362 362 362 363 363 364 364 365 365 365 366 366 367 367 368 368 369 369 370 370 371 371 371 372 372 373 373 374 374 374 375 375 376 376 376 377 377 378 378 379 379 380 380 
380 381 381 382 382 382 383 383 384 384 384 385 385 386 386 387 387 387 388 388 389 389 390 390 390 391 391 392 392 393 393 394 394 394 395 395 396 396 397 397 397 398 398 399 399 400 400 401 401 402 
402 402 403 403 404 404 405 405 406 406 406 407 407 408 408 409 409 410 410 410 411 411 412 412 413 413 413 414 414 415 415 416 416 417 417 418 418 419 419 419 420 420 421 421 422 422 422 423 423 424 
424 425 425 425 426 426 427 427 428 428 429 429 430 430 430 431 431 432 432 433 433 433 434 434 435 435 436 436 437 437 438 438 439 439 439 440 440 441 441 442 442 443 443 443 444 444 445 445 446 446 
446 447 447 448 448 449 449 450 450 451 451 452 452 453 453 454 454 454 455 455 456 456 457 457 458 458 459 459 460 460 461 461 462 462 463 463 464 464 465 465 466 466 467 467 468 468 469 469 470 471 
471 472 472 473 474 474 475 475 476 476 477 477 478 478 479 480 480 481 481 482 482 483 483 484 484 485 485 486 486 487 488 488 489 489 490 490 491 491 492 492 492 493 493 494 494 495 496 496 497 497 
498 498 499 499 500 500 501 501 502 502 503 503 504 504 505 505 506 506 507 507 508 508 509 509 510 510 511 511 512 512 512 513 513 514 514 515 515 515 516 516 517 517 518 518 519 519 519 520 520 521 
521 522 522 523 523 524 524 524 525 525 526 526 527 527 528 528 529 529 529 530 530 531 531 532 532 533 533 534 534 535 535 536 536 537 537 538 538 539 539 540 540 541 541 542 542 543 543 544 544 545 
545 546 546 547 547 548 548 548 549 549 550 550 551 551 552 552 553 553 554 554 555 555 555 556 556 557 557 558 558 559 559 560 560 560 561 561 562 562 563 563 564 564 565 565 565 566 566 567 567 568 
568 569 569 570 570 570 571 571 572 572 573 573 574 574 575 575 576 576 577 577 578 578 579 579 580 580 580 581 581 582 582 583 583 584 584 585 585 586 586 586 587 588 588 589 589 590 590 591 591 592 
592 592 593 593 594 594 595 595 596 596 597 597 598 598 599 599 600 600 601 601 602 602 603 603 603 604 605 605 605 606 606 607 607 608 608 609 609 610 610 611 611 612 612 612 613 613 614 614 615 615 
616 616 617 617 618 618 619 619 620 620 621 621 622 622 623 623 624 624 625 625 626 626 627 627 627 628 628 629 629 630 631 632 633 633 634 635 635 636 637 637 638 639 639 640 640 641 641 642 642 
643

# 2, 2200
207 208 208 208 209 209 209 210 210 211 211 211 212 212 212 213 213 213 214 214 214 215 215 215 216 216 217 217 217 218 218 218 219 219 219 220 220 220 221 221 222 222 222 223 223 223 224 224 224 225 
225 225 226 226 226 227 227 227 228 228 229 229 229 230 230 230 231 231 231 232 232 232 233 233 234 234 234 235 235 235 236 236 236 237 237 237 238 238 239 239 239 240 240 240 241 241 242 242 242 243 
243 243 244 244 244 245 245 245 246 246 247 247 247 248 248 248 249 249 249 250 250 251 251 251 252 252 252 253 253 254 254 254 255 255 256 256 256 257 257 257 258 258 259 259 259 260 260 260 261 261 
261 262 262 263 263 263 264 264 264 265 265 266 266 266 267 267 268 268 268 269 269 269 270 270 270 271 271 271 272 272 273 273 273 274 274 274 275 275 276 276 276 277 277 277 278 278 278 279 279 279 
280 280 281 281 281 282 282 282 283 283 284 284 284 285 285 285 286 286 287 287 287 288 288 288 289 289 289 290 290 291 291 291 292 292 292 293 293 294 294 294 295 295 295 296 296 297 297 297 298 298 
298 299 299 299 300 300 301 301 301 302 302 302 303 303 304 304 305 305 305 306 306 307 307 307 308 308 308 309 309 310 310 310 311 311 311 312 312 313 313 313 314 314 315 315 315 316 316 316 317 317 
317 318 318 319 319 319 320 320 320 321 321 321 322 322 323 323 323 324 324 325 325 325 326 326 327 327 327 328 328 328 329 329 330 330 330 331 331 332 332 332 333 333 333 334 334 335 335 335 336 336 
336 337 337 337 338 338 339 339 339 340 340 340 341 341 341 342 342 343 343 343 344 344 344 345 345 345 346 346 347 347 347 348 348 349 349 349 350 350 350 351 351 352 352 352 353 353 353 354 354 354 
355 355 356 356 357 357 357 358 358 358 359 359 360 360 360 361 361 361 362 362 363 363 363 364 364 365 365 365 366 366 367 367 367 368 368 368 369 369 370 370 370 371 371 372 372 372 373 373 373 374 
374 375 375 375 376 376 377 377 377 378 378 378 379 379 380 380 380 381 381 381 382 382 383 383 383 384 384 385 385 385 386 386 387 387 387 388 388 389 389 389 390 390 390 391 391 392 392 392 393 393 
394 394 394 395 395 396 396 396 397 397 398 398 398 399 399 399 400 400 401 401 401 402 402 403 403 403 404 404 405 405 405 406 406 407 407 407 408 408 409 409 410 411 411 411 412 412 412 413 413 414 
414 414 415 415 416 416 417 418 418 419 419 420 420 421 422 422 423 423 424 424 425 425 426 426 427 427 428 428 429 429 430 430 431 431 432 432 433 433 433 434 434 435 435 436 436 437 437 437 438 438 
439 439 440 440 440 441 441 442 442 443 443 444 444 444 445 445 446 446 447 447 447 448 448 449 449 450 450 450 451 451 452 452 453 453 454 454 454 455 455 456 457 457 458 458 458 459 459 460 460 461 
461 462 462 463 463 464 464 465 465 466 466 467 467 468 468 469 469 470 470 471 471 471 472 472 473 473 474 475 475 476 476 476 477 477 478 478 479 479 479 480 481 481 482 482 482 483 483 484 484 485 
485 486 486 486 487 488 488 488 489 489 490 490 491 491 491 492 492 493 494 494 495 495 496 496 496 497 497 498 498 499 499 500 500 501 501 502 502 503 503 503 504 504 505 505 506 506 507 507 508 508 
509 509 509 510 510 511 511 512 512 513 513 514 514 515 515 515 516 516 517 517 518 518 519 519 520 520 521 521 522 522 522 523 523 524 524 525 525 526 526 527 527 528 528 528 529 529 530 530 531 531 
532 532 533 533 534 534 534 535 535 536 536 537 537 538 538 539 539 540 540 541 541 542 542 543 543 544 544 545 545 546 546 547 547 547 548 548 549 549 550 550 551 551 552 552 552 553 553 554 554 555 
555 556 556 557 557 558 558 559 559 560 560 560 561 561 562 562 563 563 564 564 565 565 566 566 567 567 567 568 568 569 569 570 570 571 571 572 572 573 573 573 574 574 575 575 576 576 577 577 578 578 
579 579 580 580 581 581 582 582 583 583 584 584 585 585 586 586 587 587 588 588 588 589 590 590 590 591 591 592 592 593 593 594 594 595 595 596 596 597 597 597 598 598 599 599 600 600 601 601 602 602 
603 603 604 604 605 605 605 606 607 607 607 608 608 609 609 610 610 611 611 612 612 613 613 614 614 615 615 616 616 617 617 617 618 618 619 619 620 620 621 621 622 622 623 623 624 624 625 625 626 626 
627 627 628 628 629 629 630 630 631 631 632 632 632 633 633 634 634 635 635 636 636 637 637 638 638 639 639 640 640 641 641 642 642 643 643 644 644 645 645 646 646 647 647 648 648 649 649 650 650 651 
651 652 652 653 653 654 654 655 655 656 656 657 657 658 658 659 659 660 660 661 661 662 662 663 663 664 664 665 665 666 666 667 667 668 668 669 669 670 670 671 671 672 672 673 673 674 674 675 675 
676

# 2, 2400
247 248 248 248 249 249 249 250 250 251 251 252 252 252 253 253 253 254 254 254 255 255 255 256 256 256 257 257 257 258 258 258 259 259 259 260 260 260 261 261 262 262 262 263 263 263 264 264 264 265 
265 265 266 266 266 267 267 267 268 268 268 269 269 269 270 270 270 271 271 271 272 272 273 273 273 274 274 274 275 275 275 276 276 276 277 277 277 278 278 279 279 279 280 280 280 281 281 281 282 282 
282 283 283 283 284 284 285 285 286 286 286 287 287 287 288 288 288 289 289 290 290 290 291 291 292 292 293 293 293 294 294 295 295 295 296 296 296 297 297 297 298 298 299 299 299 300 300 300 301 301 
301 302 302 302 303 303 303 304 304 305 305 305 306 306 306 307 307 308 308 309 309 309 310 310 310 311 311 311 312 312 313 313 313 314 314 314 315 315 316 316 316 317 317 317 318 318 319 319 319 320 
320 320 321 321 321 322 322 323 323 323 324 324 324 325 325 326 326 326 327 327 327 328 328 329 329 329 330 330 330 331 331 332 332 332 333 333 334 334 334 335 335 335 336 336 337 337 337 338 338 338 
339 339 339 340 340 341 341 341 342 342 343 343 343 344 344 345 345 345 346 346 346 347 347 348 348 348 349 349 350 350 350 351 351 351 352 352 353 353 353 354 354 355 355 355 356 356 356 357 357 358 
358 358 359 359 359 360 360 361 361 361 362 362 363 363 363 364 364 364 365 365 366 366 366 367 367 368 368 368 369 369 370 370 370 371 371 371 372 372 373 373 373 374 374 375 375 375 376 376 376 377 
377 377 378 378 379 379 379 380 380 380 381 381 382 382 382 383 383 384 384 384 385 385 386 386 386 387 387 387 388 388 389 389 389 390 390 390 391 391 392 392 392 393 393 394 394 394 395 395 395 396 
396 397 397 397 398 398 399 399 399 400 400 401 401 401 402 402 402 403 403 404 404 404 405 405 405 406 406 407 407 407 408 408 409 409 409 410 410 411 411 411 412 412 412 413 413 414 414 415 415 415 
416 416 416 417 417 418 418 418 419 419 420 420 420 421 421 421 422 422 423 423 423 424 424 425 425 425 426 426 427 427 427 428 428 429 429 429 430 430 431 431 431 432 432 432 433 433 434 434 434 435 
435 436 436 436 437 437 438 438 438 439 439 440 440 440 441 441 442 442 442 443 443 444 444 444 445 445 446 446 446 447 447 448 448 448 449 449 450 450 450 451 451 451 452 452 453 453 453 454 454 455 
455 455 456 456 457 457 457 458 458 459 459 459 460 460 461 461 462 462 462 463 463 463 464 464 465 465 465 466 466 467 467 468 468 468 469 469 470 470 470 471 471 472 472 472 473 473 474 474 474 475 
475 476 476 477 477 478 478 479 479 479 480 480 481 481 482 482 482 483 483 484 484 485 485 485 486 486 487 487 488 488 488 489 489 490 490 490 491 491 492 492 492 493 493 494 494 494 495 495 496 496 
497 497 497 498 498 499 499 500 500 500 501 501 502 502 502 503 503 504 504 504 505 505 506 506 507 507 507 508 508 509 509 509 510 510 511 511 512 512 512 513 513 514 514 514 515 515 515 516 516 517 
517 517 518 518 519 519 519 520 520 521 521 522 522 522 523 523 524 524 524 525 525 526 526 526 527 527 528 528 529 529 529 530 530 531 531 531 532 532 533 533 533 534 534 535 535 535 536 536 537 537 
538 538 538 539 539 540 540 540 541 541 542 542 543 543 544 544 544 545 545 546 546 546 547 547 548 548 549 549 549 550 550 551 551 552 552 552 553 553 554 554 554 555 555 556 556 557 557 557 558 558 
559 559 559 560 561 561 561 562 562 563 563 564 564 564 565 565 566 566 567 567 567 568 568 569 569 570 570 571 571 571 572 572 573 573 573 574 574 575 575 576 576 576 577 577 578 578 579 579 579 580 
580 581 581 582 582 582 583 583 584 584 585 586 586 586 587 587 588 588 589 589 590 590 590 591 591 592 592 593 593 593 594 594 595 595 596 596 596 597 597 598 598 599 599 599 600 600 601 601 602 602 
603 603 603 604 604 605 605 606 606 606 607 607 608 608 609 609 610 610 610 611 611 612 612 613 613 613 614 614 615 615 616 616 617 617 618 618 619 619 619 620 620 621 621 622 622 622 623 623 624 624 
625 625 626 626 626 627 627 628 628 629 629 630 630 630 631 631 632 632 633 633 634 634 635 635 636 636 636 637 637 638 638 639 639 640 640 641 641 642 642 643 643 643 644 644 645 645 646 646 647 647 
647 648 648 649 649 650 650 651 651 652 652 652 653 653 654 654 655 655 656 656 657 657 658 658 658 659 659 660 660 661 661 662 662 663 663 663 664 664 665 665 666 666 667 667 668 668 669 669 669 670 
670 671 671 672 672 673 673 674 674 675 675 675 676 676 677 677 678 678 679 679 680 680 681 681 682 682 682 683 683 684 684 685 686 686 687 687 688 688 689 689 689 690 690 691 691 692 692 693 693 694 
694 695 695 696 696 697 697 697 698 698 699 699 700 700 701 701 702 702 703 703 704 704 705 705 705 706 706 707 707 708 708 709 709 710 710 711 711 711 712 712 713 713 714 714 715 715 716 716 717 717 
718 718 718 719 719 720 720 721 721 722 722 723 723 724 724 724 725 726 726 726 727 727 728 728 729 729 730 730 731 731 732 732 733 733 734 734 735 735 736 736 737 737 738 738 738 739 739 740 740 
741

# 2, 2600
270 271 271 271 272 273 273 273 274 274 274 275 275 276 276 276 277 277 277 278 278 279 279 279 280 280 280 281 281 282 282 282 283 283 284 284 284 285 286 286 287 287 287 288 288 288 289 289 290 290 
291 291 291 292 292 293 294 296 296 297 297 298 298 298 299 299 299 300 300 301 301 301 302 302 303 303 304 304 304 305 305 305 306 306 307 307 307 308 308 309 309 309 310 310 311 311 311 312 312 312 
313 313 314 314 314 315 315 316 316 316 317 317 318 318 318 319 319 320 320 320 321 321 321 322 322 323 323 324 324 325 325 325 326 326 326 327 327 328 328 328 329 329 330 330 330 331 331 331 332 332 
333 333 333 334 334 335 335 336 336 336 337 337 337 338 338 339 339 339 340 340 341 341 341 342 342 343 343 343 344 344 345 345 345 346 346 347 347 348 348 348 349 349 350 350 350 351 351 351 352 352 
353 353 353 354 354 355 355 359 360 360 361 361 362 362 363 363 363 364 364 365 365 365 366 366 367 367 368 368 368 369 369 370 370 370 371 371 372 372 373 373 373 374 374 375 375 376 376 376 377 377 
378 378 378 379 379 380 380 380 381 381 382 382 382 383 383 384 384 385 385 385 386 387 387 387 388 388 389 389 389 390 390 391 391 391 392 393 393 393 394 394 394 395 395 396 396 397 397 397 398 398 
399 399 399 400 400 401 401 401 402 402 403 403 403 404 404 405 405 406 406 407 407 407 408 408 409 409 409 410 410 411 411 411 412 412 413 413 414 414 414 415 415 416 416 417 417 417 418 418 419 419 
419 420 420 421 421 421 422 422 423 423 423 424 424 425 425 426 426 426 427 427 428 428 428 429 429 430 430 431 431 431 432 432 433 433 434 434 435 435 435 436 436 437 437 437 438 442 443 443 444 444 
445 445 446 446 446 447 447 448 448 449 449 450 450 451 451 452 452 453 453 453 454 454 455 455 456 456 457 457 457 458 460 462 463 463 464 465 466 466 466 469 469 469 470 470 471 472 473 475 476 476 
477 477 477 478 478 479 479 479 480 480 481 481 482 482 482 483 483 484 484 485 485 485 486 486 487 487 487 488 489 489 489 490 490 491 491 492 492 492 493 493 494 494 494 495 495 496 496 497 497 497 
498 498 499 499 500 500 500 501 501 502 502 503 503 504 504 504 505 505 506 506 507 507 508 508 509 509 509 510 510 511 511 512 512 512 513 513 514 514 515 515 515 516 516 517 517 517 518 518 519 519 
519 520 521 521 521 522 522 523 523 524 524 525 525 525 526 526 527 527 528 528 529 529 529 530 530 531 531 532 532 533 533 533 534 534 535 535 536 536 537 537 537 538 538 539 539 540 540 541 543 543 
544 546 546 547 549 549 550 551 551 551 552 552 553 553 554 554 555 555 555 556 556 557 557 558 558 559 559 559 560 560 561 561 562 562 563 563 563 564 564 565 565 566 566 567 567 567 568 568 569 569 
570 570 571 571 571 572 572 573 573 574 574 575 575 575 576 576 577 577 578 578 579 579 580 580 581 581 581 582 582 583 583 584 584 585 585 586 586 586 587 587 588 588 589 589 589 590 590 591 591 592 
592 593 593 593 594 594 595 595 596 596 597 597 597 598 598 599 599 600 600 600 601 601 602 602 603 603 604 604 605 605 606 606 607 607 608 608 609 609 609 610 610 611 611 611 612 612 613 613 614 614 
615 615 615 616 616 617 617 618 618 619 619 620 620 621 621 621 622 622 623 623 624 624 625 625 626 626 627 627 628 628 628 629 629 630 630 631 632 633 634 635 636 639 640 641 642 642 642 643 643 644 
644 645 645 646 646 647 647 647 648 648 649 649 650 650 651 651 652 652 652 653 653 654 654 655 655 656 656 657 657 658 658 659 659 660 660 660 661 661 662 662 663 663 664 664 665 665 666 666 666 667 
667 668 668 669 669 670 670 671 671 672 672 672 673 673 674 674 675 675 676 676 677 677 678 678 679 679 679 680 680 681 681 682 682 683 683 684 684 685 685 686 686 686 687 687 688 688 689 689 690 690 
691 691 692 692 693 693 694 694 695 695 695 696 696 697 697 698 698 699 699 700 700 701 701 702 702 703 703 704 704 705 705 705 706 706 707 707 708 708 709 709 710 710 711 711 712 712 712 713 713 714 
715 715 715 716 716 717 717 718 718 719 719 720 720 720 721 721 722 722 723 723 724 724 725 725 726 726 727 727 728 728 729 729 730 730 731 731 731 732 732 733 733 734 734 735 735 736 736 737 737 738 
738 739 739 739 740 740 741 741 742 742 743 743 744 744 745 745 746 746 747 747 748 748 749 749 750 750 751 754 755 757 757 758 758 759 759 760 760 761 761 762 762 763 763 764 764 765 765 766 766 767 
767 768 768 768 769 770 770 771 771 771 772 772 773 773 774 774 775 775 776 776 777 777 778 778 779 779 780 780 781 781 782 782 783 783 784 784 785 785 786 786 787 787 788 788 789 789 790 790 791 791 
792 792 793 793 794 794 795 795 796 796 797 797 798 798 799 799 800 800 801 801 802 802 803 803 804 804 805 805 806 806 807 807 808 808 809 809 810 810 811 811 812 812 813 813 814 814 815 816 816 817 
817 817 818 819 819 819 820 821 821 822 822 823 824 824 825 825 826 827 827 828 828 829 829 830 831 831 831 832 832 833 833 834 835 835 836 836 837 837 838 839 839 840 840 841 841 842 842 843 843 844 
844 845 846 846 847 847 848 848 849 850 850 851 851 852 852 853 853 854 854 855 855 856 856 857 857 858 858 859 859 860 861 861 862 862 863 863 864 864 865 865 866 866 867 867 868 868 869 869 870 871 
871 872 873 873 874 874 875 875 876 877 877 878 879 879 880 881 882 882 883 883 884 885 886 886 887 887 888 888 889 890 890 891 892 892 893 893 894 895 895 896 897 897 898 899 899 900 901 901 902 
902

# 2, 2800
279 280 280 280 281 281 281 282 282 283 283 284 284 284 285 285 285 286 286 287 287 287 288 288 288 289 289 289 290 290 291 291 291 292 292 292 293 293 293 294 294 295 295 295 296 296 297 297 297 298 
298 298 299 299 299 300 300 301 301 301 302 302 302 303 303 303 304 304 305 305 305 306 306 306 307 307 308 308 308 309 309 309 310 310 311 311 311 312 312 312 313 313 314 314 314 315 315 315 316 316 
317 317 317 318 318 318 319 319 319 320 320 321 321 321 322 322 323 323 323 324 324 324 325 325 326 326 326 327 327 327 328 328 329 329 329 330 330 331 331 331 332 332 333 333 333 334 334 334 335 335 
336 336 336 337 337 337 338 338 339 339 339 340 340 341 341 341 342 342 343 343 343 344 344 345 345 345 346 346 346 347 347 348 348 348 349 349 350 350 350 351 351 352 352 352 353 353 353 354 354 355 
355 355 356 356 357 357 357 358 358 359 359 359 360 360 361 361 361 362 362 363 363 363 364 364 365 365 365 366 366 367 367 367 368 368 369 369 369 370 370 371 371 371 372 372 373 373 373 374 374 375 
375 375 376 376 377 377 377 378 378 379 379 379 380 380 381 381 381 382 382 383 383 383 384 384 385 385 385 386 386 387 387 387 388 388 389 389 389 390 390 391 391 392 392 392 393 393 394 394 394 395 
395 395 396 396 397 397 398 398 398 399 399 399 400 400 401 401 401 402 402 403 403 404 404 404 405 405 406 406 407 407 407 408 408 409 409 410 410 410 411 411 412 412 412 413 413 414 414 414 415 415 
416 416 416 417 417 418 418 418 419 419 420 420 420 421 421 422 422 422 423 423 424 424 424 425 425 426 426 427 427 427 428 428 429 429 430 430 430 431 431 432 432 432 433 433 434 434 434 435 435 436 
436 436 437 437 438 438 438 439 439 440 440 440 441 441 442 442 443 443 443 444 444 445 445 445 446 446 447 447 447 448 448 449 449 450 450 450 451 451 452 452 452 453 453 454 454 455 455 455 456 456 
457 457 457 458 458 459 459 459 460 460 461 461 462 462 462 463 463 464 464 464 465 465 466 466 467 467 467 468 468 469 469 470 470 471 471 471 472 472 473 473 473 474 474 475 475 476 476 476 477 477 
478 478 478 479 479 480 480 481 481 481 482 482 483 483 484 484 484 485 485 486 486 487 487 487 488 488 489 489 490 490 491 491 491 492 492 493 493 494 494 494 495 495 496 496 497 497 497 498 498 499 
499 500 500 500 501 501 502 502 503 503 504 504 504 505 505 506 506 507 507 507 508 508 509 509 510 510 511 511 511 512 512 513 513 514 514 514 515 515 516 516 517 517 518 518 519 519 519 520 520 521 
521 522 522 522 523 523 524 524 525 525 525 526 526 527 527 528 528 529 529 529 530 530 531 531 532 532 533 533 534 534 535 535 535 536 536 537 537 538 538 538 539 539 540 540 541 541 541 542 542 543 
543 544 544 545 545 545 546 546 547 547 548 548 549 549 549 550 550 551 551 552 552 553 553 554 554 555 555 556 556 556 557 557 558 558 559 559 560 560 560 561 561 562 562 563 563 564 564 564 565 565 
566 566 567 567 568 568 568 569 569 570 570 571 571 572 572 572 573 573 574 574 575 575 576 576 576 577 577 578 578 579 579 580 580 581 581 581 582 582 583 583 584 584 585 585 586 586 586 587 587 588 
588 589 589 590 590 590 591 591 592 592 593 593 594 594 594 595 596 596 597 597 597 598 598 599 599 600 600 601 601 602 602 602 603 604 604 605 605 606 606 607 607 607 608 608 609 609 610 610 611 611 
612 612 612 613 613 614 614 615 615 616 616 617 617 618 618 618 619 619 620 620 621 622 622 622 623 623 624 624 625 625 626 626 627 627 628 628 629 629 630 631 631 632 632 633 633 634 634 635 635 636 
636 637 638 638 639 639 640 640 641 641 642 642 643 644 644 645 645 646 647 647 647 648 648 649 650 650 651 652 652 653 654 654 655 655 656 656 657 657 658 658 659 659 660 661 661 662 662 663 663 664 
664 665 666 666 667 667 668 668 669 669 670 670 671 671 672 673 673 674 674 675 675 676 676 677 677 678 678 679 680 680 681 681 682 682 683 683 684 684 685 685 686 686 687 687 688 688 689 689 690 690 
691 691 692 692 693 693 694 694 695 695 696 696 697 697 698 698 699 699 700 700 701 701 702 702 703 703 704 704 705 705 706 706 707 707 708 708 709 709 709 710 711 711 712 712 712 713 713 714 714 715 
715 716 716 717 717 718 718 719 719 720 720 721 721 722 722 723 723 724 724 725 725 726 726 727 727 728 728 729 729 730 730 731 731 732 732 732 733 733 734 734 735 735 736 736 737 737 738 738 739 739 
740 740 741 741 742 742 743 743 744 744 745 745 746 746 746 747 747 748 748 749 750 750 751 751 751 752 752 753 753 754 754 755 755 756 756 757 757 758 758 759 759 760 760 761 761 762 762 763 763 764 
764 765 765 765 766 766 767 767 768 768 769 769 770 770 771 771 772 772 773 773 774 774 775 775 776 776 777 777 778 778 779 779 780 780 781 781 782 782 783 783 784 784 785 785 786 786 787 787 788 788 
789 789 790 790 791 791 792 792 793 793 794 794 795 795 796 796 797 797 798 798 799 799 800 800 801 801 802 802 803 803 804 804 805 805 806 806 807 807 808 808 809 809 810 810 811 812 812 813 813 814 
814 815 815 816 816 817 817 818 818 819 819 820 820 821 821 822 822 823 823 824 824 825 825 826 827 827 828 828 829 829 830 830 830 831 832 832 833 833 834 834 835 835 836 836 837 837 838 838 839 839 
840 841 841 842 842 843 843 844 844 845 845 846 846 847 847 848 848 849 849 850 850 851 852 852 853 853 854 854 855 855 856 856 857 857 858 858 859 859 860 860 861 862 862 863 863 864 864 865 865 866 
866 867 867 868 868 869 869 870 870 871 872 872 873 873 874 874 875 875 876 876 877 877 878 878 879 879 880 880 881 881 882 882 883 884 884 885 885 886 886 887 887 888 888 889 889 890 890 891 891 892 
892 893 893 894 894 895 895 896 896 897 897 898 898 899 899 900 901 901 902 902 903 903 904 904 905 905 906 906 907 907 908 908 909 909 910 911 911 912 912 913 913 914 914 915 915 916 916 917 917 
918

# 2, 3000
287 287 288 288 289 289 290 290 291 291 291 292 292 292 293 293 294 294 294 295 295 296 296 296 297 297 297 298 298 299 299 299 300 300 300 301 301 302 302 302 303 303 304 304 304 305 305 305 306 306 
307 307 307 308 308 308 309 309 310 310 310 311 311 311 312 312 313 313 313 314 314 314 315 315 316 316 316 317 317 317 318 318 319 319 319 320 320 320 321 321 322 322 323 323 323 324 324 324 325 325 
325 326 326 327 327 327 328 328 329 329 329 330 330 330 331 331 332 332 332 333 333 334 334 334 335 335 335 336 336 337 337 337 338 338 339 339 339 340 340 341 341 341 342 342 342 343 343 344 344 344 
345 345 346 346 346 347 347 347 348 348 349 349 349 350 350 351 351 351 352 352 353 353 353 354 354 354 355 355 356 356 356 357 357 358 358 358 359 359 360 360 360 361 361 362 362 362 363 363 363 364 
364 365 365 365 366 366 366 367 367 368 368 368 369 369 370 370 370 371 371 372 372 372 373 373 374 374 374 375 375 376 376 376 377 377 377 378 378 379 379 379 380 380 381 381 381 382 382 383 383 383 
384 384 385 385 385 386 386 387 387 388 388 388 389 389 390 390 390 391 391 392 392 392 393 393 394 394 394 395 395 396 396 397 397 397 398 398 399 399 399 400 400 401 401 401 402 402 402 403 403 404 
404 404 405 405 406 406 407 407 407 408 408 409 409 409 410 410 410 411 411 412 412 413 413 413 414 414 415 415 415 416 416 416 417 417 418 418 419 419 420 420 420 421 421 422 422 422 423 423 423 424 
424 425 425 426 426 427 427 428 428 429 429 430 430 431 431 431 432 433 433 434 434 435 435 435 436 436 437 437 437 438 439 439 439 440 440 441 441 442 442 442 443 443 443 444 444 445 445 446 446 446 
447 447 448 448 448 449 449 449 450 450 452 452 452 452 453 453 454 454 454 455 455 455 456 456 457 457 458 458 458 459 459 460 460 461 461 461 462 462 463 464 464 465 465 466 466 466 467 467 468 468 
468 469 469 470 470 470 471 471 472 472 473 473 474 474 475 475 476 477 478 478 479 480 480 481 481 482 482 483 483 484 484 484 485 485 486 486 487 487 487 488 488 489 489 490 490 491 491 492 492 493 
493 494 494 495 495 496 496 497 497 498 498 498 499 499 500 500 501 501 502 502 503 503 504 504 505 505 506 506 507 507 508 508 509 509 510 510 511 511 512 512 513 513 514 514 515 515 516 516 516 517 
517 518 518 519 520 520 521 521 522 522 523 523 524 524 525 525 526 526 527 527 528 528 529 529 530 530 531 531 532 532 533 534 534 535 535 536 536 537 537 538 538 539 539 540 540 541 541 542 542 543 
543 544 544 545 545 546 546 547 547 548 549 549 550 550 551 551 551 552 552 553 553 554 554 555 555 556 556 557 558 558 559 559 560 560 561 561 562 563 563 564 564 564 565 566 566 566 567 567 568 568 
569 569 570 570 571 571 572 572 573 573 574 574 575 575 576 576 577 577 578 578 579 579 580 580 581 581 582 582 583 583 584 584 585 585 586 586 587 587 588 588 589 589 590 590 591 591 591 592 592 593 
593 594 594 595 595 595 596 596 597 597 598 598 599 599 600 600 600 601 601 602 602 603 603 604 604 604 605 605 606 606 607 607 608 608 608 609 609 610 610 611 611 612 612 613 613 614 614 615 615 615 
616 616 617 617 618 618 618 619 619 620 620 621 621 622 622 622 623 623 624 624 625 625 626 626 627 627 628 628 629 629 629 630 630 631 631 632 632 633 633 634 634 634 635 635 636 636 637 638 638 639 
639 640 640 641 641 642 642 643 643 644 644 645 645 646 646 646 647 648 648 648 649 649 650 650 651 652 652 653 653 654 654 655 655 656 656 656 657 657 658 658 659 659 660 660 661 661 662 662 663 663 
664 664 665 665 666 666 667 667 668 668 669 669 670 670 671 671 672 672 673 673 674 674 674 675 676 676 676 677 677 678 679 679 680 680 681 682 682 683 683 684 684 685 685 686 686 687 687 688 688 689 
689 690 690 691 692 692 693 694 694 695 695 696 696 697 697 698 699 699 700 700 701 701 702 702 703 703 704 704 705 706 706 707 707 708 708 709 710 710 710 711 712 712 713 713 714 714 715 715 716 716 
717 717 718 719 719 720 720 721 721 722 722 723 724 724 725 725 726 726 727 727 728 728 729 729 730 730 731 731 732 732 733 733 734 734 735 735 736 736 737 737 738 738 738 739 739 740 740 741 741 742 
742 743 743 744 744 745 745 746 746 746 747 747 748 748 749 749 750 750 751 751 752 752 753 753 754 754 755 755 756 756 757 757 758 758 759 759 759 760 760 761 761 762 762 763 763 764 764 765 765 766 
766 767 767 768 768 769 769 769 770 770 771 771 772 772 773 773 774 774 775 775 776 776 777 777 778 778 779 779 780 780 781 781 781 782 782 783 783 784 784 785 785 786 786 787 787 788 788 789 789 790 
790 791 791 792 792 793 793 794 794 795 795 796 796 797 797 797 798 799 799 800 800 801 801 801 802 803 803 804 804 805 805 806 806 807 807 808 808 810 810 810 811 811 812 812 813 813 814 814 815 815 
816 816 817 817 818 818 819 819 820 820 821 821 822 823 823 824 824 825 825 826 826 826 827 827 828 829 829 830 830 831 831 832 832 833 833 834 834 835 836 836 836 837 837 838 838 839 839 840 840 841 
841 842 842 843 843 844 844 845 845 846 847 847 848 848 849 849 850 850 851 851 852 852 853 853 854 854 855 855 856 856 857 857 858 858 859 859 860 860 861 861 862 862 863 863 864 864 865 865 866 866 
866 867 867 868 868 869 869 870 870 871 871 872 872 873 873 874 874 875 875 876 876 877 877 878 878 879 879 880 880 881 881 882 882 883 883 884 884 885 885 886 886 887 887 888 888 889 889 890 890 891 
891 892 892 893 893 894 894 895 895 896 896 897 897 898 899 899 900 900 901 901 902 902 903 903 904 904 905 905 906 906 907 907 908 908 909 909 910 910 911 911 912 912 913 913 914 914 915 915 916 916 
917 917 918 918 919 919 920 920 921 922 922 923 923 924 924 925 925 926 926 927 927 928 928 929 929 930 930 931 931 932 932 933 933 934 935 935 936 936 937 937 938 938 939 939 940 940 941 941 942 943 
943 944 944 945 945 946 946 947 947 948 948 949 949 950 950 951 951 952 953 953 954 954 955 955 956 956 957 957 958 958 959 959 960 961 961 962 962 963 963 964 964 965 965 966 966 967 968 968 969 969 
970 970 971 971 972 972 973 973 974 974 975 976 976 977 977 978 978 979 979 980 980 981 981 982 982 983 984 984 985 985 986 986 987 987 988 988 989 989 990 991 991 992 992 993 993 994 994 995 995 
996

# 2, 3200
322 323 323 323 324 324 325 325 325 326 326 327 327 327 328 328 328 329 329 330 330 330 331 331 331 332 332 333 333 333 334 334 334 335 335 336 336 336 337 337 337 338 338 338 339 339 340 340 340 341 
341 341 342 342 343 343 344 344 344 345 345 345 346 346 347 347 347 348 348 348 349 349 350 350 350 351 351 352 352 352 353 353 353 354 354 355 355 355 356 356 357 357 357 358 358 358 359 359 360 360 
360 361 361 361 362 362 363 363 363 364 364 365 365 365 366 366 366 367 367 368 368 368 369 369 370 370 370 371 371 372 372 372 373 373 374 374 374 375 375 376 376 377 377 377 378 378 378 379 379 380 
380 380 381 381 382 382 382 383 383 383 384 384 385 385 385 386 386 387 387 387 388 388 389 389 389 390 390 391 391 391 392 392 393 393 393 394 394 395 395 395 396 396 397 397 397 398 398 398 399 399 
400 400 401 401 401 402 402 403 403 403 404 404 405 405 405 406 406 407 407 407 408 408 409 409 409 410 410 411 411 411 412 412 413 413 413 414 414 415 415 416 416 416 417 417 417 418 418 419 419 419 
420 420 421 421 421 422 422 423 423 423 424 424 425 425 426 426 426 427 427 428 428 428 429 429 430 430 430 431 431 432 432 432 433 433 434 434 435 435 435 436 436 437 437 438 438 438 439 439 439 440 
440 441 441 442 442 442 443 443 444 444 444 445 445 446 446 446 447 447 447 448 448 449 449 450 450 450 451 451 452 452 453 453 453 454 454 455 455 455 456 456 457 457 457 458 458 459 459 459 460 460 
461 461 461 462 462 462 463 463 464 464 464 465 465 466 466 466 467 467 468 468 468 469 469 470 470 470 471 471 472 472 473 473 473 474 474 475 475 475 476 476 477 477 477 478 478 479 479 480 480 480 
481 481 482 482 482 483 483 484 484 484 485 485 486 486 486 487 487 488 488 489 489 489 490 490 491 491 492 492 492 493 493 494 494 495 495 495 496 496 497 497 498 498 498 499 499 500 500 500 501 501 
502 502 502 503 503 504 504 505 505 505 506 506 507 507 508 508 508 509 509 510 510 510 511 511 512 512 513 513 513 514 514 515 515 516 516 517 517 517 518 518 519 519 520 520 520 521 521 522 522 523 
523 523 524 524 525 525 525 526 526 527 527 528 529 529 529 530 530 531 531 532 532 533 533 533 534 534 535 535 536 536 536 537 537 538 538 538 539 539 540 540 540 541 542 542 543 543 543 544 544 545 
545 546 546 546 547 548 548 548 549 549 550 550 551 551 551 552 552 553 553 553 554 554 555 555 556 557 557 558 558 558 559 559 560 560 561 561 562 562 562 563 563 564 564 565 565 565 566 566 567 567 
568 568 569 569 570 570 570 571 571 572 572 573 573 574 574 575 575 576 576 577 577 578 578 578 579 579 580 580 581 581 582 582 583 583 584 584 584 585 585 586 587 588 588 588 589 589 590 590 591 591 
592 592 593 593 594 594 595 595 596 596 597 597 598 598 599 600 600 601 601 602 602 602 603 603 604 604 605 605 606 606 607 607 608 608 609 609 610 610 610 611 611 612 612 613 613 614 614 615 615 615 
616 616 617 617 618 618 619 619 620 620 620 621 621 622 622 623 623 623 624 625 625 626 626 627 627 627 628 628 629 629 630 630 631 631 631 632 632 633 633 634 634 635 635 636 636 637 637 638 638 639 
639 639 640 640 641 641 642 642 643 643 644 644 645 645 645 646 646 647 647 648 648 649 649 650 650 651 651 652 652 653 653 653 654 654 655 655 656 656 657 657 658 658 658 659 659 660 660 661 661 662 
662 663 663 664 664 665 665 666 666 666 667 667 668 668 669 669 670 670 671 671 672 672 673 673 674 674 675 675 676 676 677 677 678 678 678 679 679 680 680 681 681 682 682 683 683 684 684 685 685 685 
686 686 687 687 688 688 689 689 690 690 691 691 692 692 693 693 694 694 695 696 696 697 697 698 698 699 699 700 700 701 701 702 702 702 703 703 704 704 705 705 706 706 707 707 708 708 709 709 710 710 
711 711 711 712 712 713 713 714 714 715 715 716 716 717 717 718 718 719 719 720 720 721 721 722 722 723 723 724 724 725 725 725 726 726 727 727 728 728 729 729 730 730 731 731 732 732 733 733 734 734 
735 735 736 736 737 737 738 738 739 739 740 740 741 741 742 742 743 743 744 744 745 745 746 746 747 747 748 748 749 749 750 750 750 751 751 752 752 753 753 754 754 755 755 756 756 757 757 758 758 759 
759 760 760 761 761 762 762 763 763 764 764 765 765 766 766 767 767 768 768 768 769 770 770 771 771 772 772 773 773 773 774 774 775 775 776 776 777 777 778 778 779 779 780 780 781 781 782 782 783 783 
783 784 784 785 785 786 786 787 787 788 788 789 789 790 790 791 791 792 792 793 793 794 794 795 795 796 796 797 797 797 798 798 799 799 800 800 801 801 802 802 803 803 804 804 805 805 806 806 807 807 
808 808 809 809 810 810 811 811 812 812 813 813 814 814 815 815 816 816 817 817 818 818 819 819 820 820 821 821 822 822 823 823 824 824 825 825 826 826 827 827 828 828 829 829 830 830 831 831 832 832 
833 833 834 834 835 835 836 836 837 837 838 838 839 839 840 840 841 841 842 842 843 843 844 844 845 845 846 846 847 847 848 848 849 849 850 850 851 851 852 853 853 853 854 855 855 856 856 857 857 858 
858 859 859 860 860 861 861 862 863 863 863 864 864 865 865 866 866 867 867 868 868 869 869 870 870 871 871 872 872 873 873 874 874 875 875 876 876 877 877 878 878 879 879 880 880 881 881 882 882 883 
883 884 884 885 885 886 886 887 888 888 888 889 889 890 890 891 892 892 893 893 894 894 895 895 896 896 897 897 898 898 899 899 900 900 901 901 902 902 903 903 904 904 906 907 908 909 909 910 910 911 
911 912 912 913 913 914 915 915 916 916 917 917 918 918 919 920 920 921 921 922 922 923 923 924 924 925 925 926 926 927 927 928 928 929 930 930 931 931 932 932 933 933 934 934 935 935 936 936 937 937 
938 938 939 939 940 940 941 941 942 942 943 943 944 945 945 946 946 947 947 948 948 949 949 950 950 951 951 952 952 953 953 954 954 955 955 956 956 957 958 958 959 959 960 960 961 961 962 962 963 963 
964 964 965 965 966 966 967 967 968 968 969 969 970 971 971 972 972 973 973 974 974 975 975 976 976 977 977 978 978 979 979 980 980 981 981 982 982 983 984 984 985 985 986 986 987 987 988 988 989 989 
990 990 991 992 992 993 993 994 994 995 995 996 996 997 997 998 998 999 1000 1000 1001 1001 1002 1002 1003 1003 1004 1004 1005 1005 1006 1006 1007 1007 1008 1008 1009 1009 1010 1010 1011 1011 1012 1012 1013 1013 1014 1014 1015 1016 
1016 1017 1017 1018 1018 1019 1019 1020 1020 1021 1021 1022 1022 1023 1023 1024 1024 1025 1025 1026 1026 1027 1027 1028 1029 1029 1030 1030 1031 1031 1032 1032 1033 1033 1034 1034 1035 1035 1036 1036 1037 1037 1038 1038 1039 1039 1040 1040 1041 1041 
1042 1042 1043 1044 1044 1045 1045 1046 1046 1047 1047 1048 1048 1049 1049 1050 1050 1051 1051 1052 1052 1053 1053 1054 1055 1055 1056 1056 1057 1057 1058 1058 1059 1059 1060 1060 1061 1062 1062 1063 1063 1064 1064 1065 1065 1066 1066 1067 1067 
1068

# 2, 3400
345 345 345 346 346 346 347 347 348 348 349 349 349 350 351 351 352 352 353 353 353 354 354 355 355 355 356 356 357 357 357 358 358 359 359 360 360 360 361 361 362 362 362 363 363 364 364 364 365 365 
365 366 366 367 367 367 368 368 368 369 369 369 370 370 371 371 371 372 372 373 373 373 374 374 374 375 375 375 376 376 377 377 377 378 378 378 379 379 380 380 380 381 381 381 382 382 383 383 383 384 
384 385 385 385 386 386 386 387 387 388 388 389 389 390 390 390 391 391 391 392 392 393 393 393 394 394 395 395 396 396 396 397 397 398 398 398 399 399 400 400 401 401 402 402 402 403 403 404 404 404 
405 405 405 406 406 406 407 407 408 408 409 409 409 410 410 410 411 411 412 412 413 413 413 414 414 415 415 415 416 416 416 417 417 418 418 418 419 419 420 420 420 421 421 421 422 422 423 423 423 424 
424 424 425 425 426 426 426 427 427 427 428 428 429 429 429 430 430 431 431 431 432 432 433 433 433 434 434 434 435 435 436 436 436 437 437 438 438 438 439 439 440 440 440 441 441 442 442 442 443 443 
443 444 444 445 445 445 446 446 446 447 447 448 448 448 449 449 450 450 450 451 451 452 452 452 453 453 453 454 454 455 455 455 456 456 457 457 457 458 458 459 459 459 460 460 460 461 461 462 462 462 
463 463 464 464 464 465 465 465 466 466 467 467 467 468 468 469 469 469 470 470 471 471 471 472 472 473 473 474 474 474 475 475 476 476 476 477 477 478 478 479 479 479 480 480 481 481 481 482 482 483 
483 483 484 484 485 485 485 486 486 487 487 487 488 488 489 489 489 490 490 491 491 492 492 492 493 493 494 494 494 495 495 495 496 496 497 497 498 498 499 499 500 500 500 501 501 501 502 502 503 503 
504 504 504 505 505 506 506 506 507 507 508 508 508 509 509 510 510 511 511 512 512 512 513 513 514 514 514 515 515 516 516 517 517 518 518 519 519 520 520 520 521 521 522 522 522 523 524 524 525 525 
525 526 526 527 527 528 528 529 529 530 531 531 531 532 532 533 533 534 534 534 535 536 536 536 537 537 538 538 539 539 540 540 541 541 542 542 542 543 543 544 544 545 545 545 546 546 547 547 548 548 
548 549 549 550 550 551 551 551 552 552 553 553 554 554 555 555 555 556 556 557 557 558 558 558 559 559 560 560 561 561 562 562 563 563 563 564 564 565 565 566 566 566 567 567 568 568 569 569 570 570 
570 571 571 572 572 573 573 573 574 574 575 575 576 576 577 577 577 578 578 579 579 580 580 580 581 581 582 582 583 583 584 584 585 585 586 586 587 587 587 588 588 589 589 590 590 590 591 591 592 592 
593 593 593 594 594 595 595 596 596 597 597 597 598 598 599 599 600 600 601 601 601 602 602 603 603 604 604 605 605 606 606 606 607 607 608 608 609 609 610 610 610 611 611 612 612 613 613 613 614 614 
615 615 616 616 617 617 617 618 618 619 619 620 620 621 621 621 622 622 623 623 624 624 625 625 626 626 626 627 627 628 628 629 629 630 630 631 631 631 632 632 633 633 634 634 634 635 635 636 636 637 
637 637 638 638 639 639 640 640 641 641 642 642 642 643 643 644 644 645 645 646 646 646 647 647 648 648 649 649 650 650 651 651 652 652 652 653 653 654 654 655 655 655 656 656 657 657 658 658 659 659 
659 660 660 661 661 662 662 663 663 664 664 665 665 666 666 666 667 667 668 668 669 669 670 670 671 671 672 672 672 673 673 674 674 675 675 676 676 677 677 677 678 678 679 679 680 680 681 681 681 682 
682 683 683 684 684 685 685 686 686 687 687 687 688 688 689 690 690 691 691 691 692 692 693 693 694 694 695 695 696 696 697 697 698 698 699 699 699 700 700 701 701 702 702 703 703 704 705 705 706 706 
707 707 708 708 709 709 710 710 711 711 712 712 713 713 714 714 715 715 716 716 717 717 717 718 718 719 719 720 720 721 722 722 722 723 723 724 724 725 725 726 726 727 727 728 728 729 729 730 730 731 
731 732 732 733 734 734 735 735 736 736 737 738 738 739 740 740 741 741 742 742 743 743 744 744 745 745 746 746 747 747 748 749 749 750 750 751 751 752 753 753 754 754 755 755 756 756 757 757 758 758 
759 759 760 760 761 761 762 762 763 763 764 764 765 765 766 766 767 767 768 768 769 769 770 770 771 771 772 772 773 773 774 774 775 775 775 776 776 777 777 778 778 779 779 780 780 781 781 782 782 783 
783 784 784 785 785 786 786 787 787 788 788 788 789 789 790 790 791 792 792 793 793 794 794 795 795 796 796 797 797 798 798 799 799 800 800 800 801 801 802 802 803 803 804 804 805 806 806 806 807 807 
808 808 809 809 810 810 811 811 812 812 813 813 814 814 815 815 816 816 817 817 818 818 819 819 820 820 821 821 822 822 823 823 824 825 825 826 826 827 827 828 829 829 830 830 831 831 832 832 833 833 
834 834 835 835 836 837 837 838 838 839 840 840 841 842 842 843 843 844 844 845 845 846 846 847 847 848 848 849 849 850 850 851 851 852 852 853 853 854 854 855 855 856 856 857 857 858 858 859 859 860 
860 861 861 862 862 863 863 864 864 865 865 866 866 867 867 868 869 869 870 870 871 871 872 872 873 873 874 874 875 875 876 876 877 877 878 878 879 879 880 880 881 881 882 882 883 883 884 884 885 885 
886 886 887 888 888 889 889 890 890 891 891 892 892 893 893 894 894 895 895 896 896 897 897 898 898 899 899 900 900 901 902 902 903 904 904 905 905 906 906 907 907 908 908 909 910 910 911 911 912 912 
913 913 914 914 915 915 916 916 917 917 918 918 919 919 920 921 921 922 922 923 923 924 924 925 925 926 926 927 927 928 929 929 931 931 932 932 933 933 934 935 935 936 936 937 937 938 938 939 939 940 
941 941 942 942 943 943 944 944 945 945 946 946 947 947 948 949 949 950 950 951 951 952 952 953 953 954 954 955 955 956 956 957 957 958 958 959 959 961 962 963 964 964 965 965 966 966 967 967 968 968 
969 969 970 971 971 972 972 973 973 974 974 975 975 976 976 977 978 978 979 979 980 980 981 981 982 982 983 983 984 984 985 985 986 986 987 987 988 988 989 990 990 991 991 992 992 993 993 994 994 995 
995 996 996 997 998 998 999 999 1000 1001 1002 1002 1003 1003 1004 1005 1005 1006 1006 1007 1007 1008 1008 1009 1009 1010 1010 1011 1011 1012 1012 1013 1013 1014 1014 1015 1015 1016 1016 1017 1018 1018 1019 1019 1020 1020 1021 1021 1022 1022 
1023 1023 1024 1024 1025 1025 1026 1026 1027 1027 1028 1029 1029 1030 1030 1031 1031 1032 1032 1033 1033 1034 1034 1035 1035 1036 1037 1037 1038 1038 1039 1039 1040 1040 1041 1041 1042 1042 1043 1043 1044 1044 1045 1045 1046 1046 1047 1048 1048 1049 
1049 1050 1050 1051 1051 1052 1052 1053 1054 1054 1055 1055 1057 1060 1061 1061 1062 1062 1063 1063 1064 1064 1065 1065 1066 1067 1067 1068 1068 1069 1069 1070 1070 1071 1071 1072 1072 1073 1074 1074 1075 1075 1076 1076 1077 1077 1078 1078 1079 1080 
1080 1081 1081 1082 1083 1083 1084 1085 1085 1086 1087 1087 1088 1088 1089 1089 1090 1090 1091 1091 1092 1093 1093 1094 1094 1095 1095 1096 1097 1097 1098 1098 1099 1099 1100 1100 1101 1102 1102 1103 1103 1104 1104 1105 1105 1106 1107 1107 1108 1108 
1109 1109 1110 1110 1111 1112 1112 1113 1114 1114 1115 1115 1116 1117 1117 1118 1118 1119 1120 1120 1121 1122 1123 1123 1124 1125 1125 1126 1126 1127 1127 1128 1128 1129 1130 1130 1131 1131 1132 1133 1133 1134 1134 1135 1136 1136 1137 1138 1138 1139 
1139 1140 1140 1141 1141 1142 1142 1143 1144 1144 1145 1145 1146 1146 1147 1147 1148 1149 1149 1150 1150 1151 1152 1152 1153 1153 1154 1154 1155 1156 1156 1157 1157 1158 1158 1159 1160 1160 1161 1161 1162 1163 1163 1164 1165 1165 1166 1167 1169 
1169

# 2, 3600
367 367 368 368 369 369 369 370 370 371 371 371 372 372 373 373 373 374 374 375 375 375 376 376 376 377 377 377 378 378 378 379 379 380 380 380 381 381 381 382 382 383 383 383 384 384 384 385 385 385 
386 386 387 387 387 388 388 389 389 389 390 390 390 391 391 391 392 392 393 393 393 394 394 395 395 395 396 396 396 397 397 397 398 398 399 399 399 400 400 401 401 401 402 402 403 403 403 404 404 404 
405 405 406 406 406 407 407 407 408 408 409 409 409 410 410 410 411 411 412 412 412 413 413 414 414 415 415 416 416 416 417 417 418 418 419 419 420 420 421 421 421 422 423 423 423 424 424 425 425 426 
426 427 427 427 428 428 429 429 429 430 430 430 431 431 432 432 433 433 433 434 434 434 435 435 436 436 436 437 437 437 438 438 439 439 439 440 440 441 441 441 442 442 443 443 443 444 444 444 445 446 
446 446 447 447 447 448 448 449 449 449 450 450 451 451 452 452 452 453 453 453 454 454 455 455 455 456 456 456 457 458 458 458 459 459 459 460 460 461 461 461 462 462 463 463 463 464 464 465 465 465 
466 466 466 467 467 468 468 468 469 469 470 470 471 471 471 472 472 473 473 473 474 474 475 475 476 476 476 477 477 478 478 479 479 479 480 480 481 481 481 482 482 483 483 484 484 484 485 485 486 486 
486 487 487 488 488 488 489 489 490 490 490 491 491 492 492 492 493 493 494 494 494 495 495 496 496 496 497 497 498 498 498 499 499 500 500 501 501 501 502 502 503 503 503 504 504 505 505 505 506 506 
506 507 507 508 508 508 509 509 510 510 511 511 511 512 512 513 513 513 514 514 515 515 515 516 516 517 517 517 518 518 519 519 519 520 520 521 521 521 522 522 523 523 524 524 524 525 525 526 526 526 
527 527 527 528 528 529 529 529 530 530 531 531 532 532 532 533 533 534 534 535 535 535 536 536 537 537 537 538 538 539 539 540 540 540 541 541 543 543 544 544 544 545 545 546 546 546 547 547 548 548 
549 549 550 550 550 551 551 552 552 553 553 553 554 554 555 555 556 556 556 557 557 558 558 559 559 559 560 560 561 561 562 562 563 563 563 564 564 565 565 565 566 566 567 567 568 568 568 569 569 570 
570 571 571 572 572 572 573 573 574 574 575 575 576 576 577 577 577 578 578 579 579 580 580 581 581 581 582 582 583 583 584 584 585 585 586 586 586 587 587 588 588 589 589 589 590 590 591 591 591 592 
592 593 593 594 594 594 595 595 596 596 597 597 597 598 598 599 599 600 600 601 601 601 602 602 603 603 604 604 604 605 605 606 606 607 607 608 608 608 609 609 610 610 611 611 612 612 612 613 613 614 
614 615 615 615 616 616 617 617 618 618 618 619 619 620 620 621 621 622 622 622 623 623 624 624 625 625 626 626 627 628 629 629 630 630 631 631 632 633 637 638 639 640 641 642 643 643 644 644 645 645 
645 646 646 647 647 648 648 649 649 650 650 651 651 652 652 653 655 656 657 657 658 659 660 661 661 662 662 663 663 664 664 665 665 666 666 667 667 668 668 669 669 670 670 671 671 671 672 672 673 673 
674 674 675 675 676 676 677 677 677 678 678 679 679 680 681 681 682 682 683 684 684 685 685 686 686 687 687 688 688 689 689 690 690 691 691 692 692 693 693 694 695 696 697 698 698 699 700 700 701 702 
702 703 703 703 704 704 705 705 706 706 707 708 708 708 709 710 710 711 711 712 712 713 714 714 715 715 716 716 717 717 718 718 719 719 720 720 721 721 722 722 723 723 724 724 725 725 726 727 727 728 
728 729 730 730 731 731 732 732 733 733 734 734 735 736 736 737 737 738 738 739 740 740 741 741 742 743 743 744 744 745 745 746 746 747 747 748 748 749 749 750 750 751 752 752 753 754 754 755 755 756 
756 757 757 758 759 759 760 760 761 761 762 762 763 764 764 765 765 766 766 767 767 768 768 769 769 770 770 771 771 772 773 773 774 774 775 775 776 776 777 777 779 779 779 780 781 781 782 782 783 783 
784 784 785 785 786 786 787 787 788 788 789 790 790 791 791 792 793 793 794 794 795 795 796 796 797 798 798 799 799 800 800 801 801 802 802 803 804 804 805 805 806 807 807 808 809 809 810 810 811 811 
812 812 813 813 814 814 815 816 816 817 817 818 818 819 820 821 821 822 822 823 823 824 825 825 826 826 827 827 828 828 829 830 830 831 832 832 833 833 834 834 835 835 836 836 837 837 838 838 839 840 
840 841 841 842 842 843 843 844 844 845 845 846 846 847 847 848 849 849 850 850 851 851 852 852 853 853 854 854 855 855 856 857 857 858 858 859 859 860 860 861 861 862 862 863 863 864 864 865 865 866 
866 866 867 867 868 868 869 869 870 870 871 871 872 872 873 873 874 874 875 875 876 876 877 877 878 878 879 879 880 880 881 881 882 883 884 884 885 885 886 886 887 887 888 888 889 889 890 890 891 891 
892 892 893 893 894 894 895 895 896 896 897 897 898 898 899 899 900 900 901 901 902 902 903 903 904 904 905 905 906 906 907 907 908 908 909 909 910 910 911 911 912 912 913 913 914 914 915 915 916 916 
917 917 918 918 919 919 920 920 921 921 922 922 923 923 924 924 925 925 926 926 927 927 928 928 929 929 930 930 931 931 932 932 933 933 934 934 935 936 936 937 937 938 938 939 940 940 941 941 942 942 
943 943 944 944 945 945 946 946 947 948 948 948 949 949 950 951 951 952 952 953 953 954 954 955 955 956 956 957 957 958 958 959 959 960 960 961 961 962 962 963 963 964 964 965 966 966 967 967 968 968 
969 969 970 970 971 971 972 972 973 973 974 974 975 975 976 976 977 977 978 978 979 979 980 980 981 981 982 983 983 984 984 985 985 986 986 987 987 988 988 989 989 990 990 991 991 992 992 993 993 994 
994 995 995 996 996 997 997 998 998 999 999 1000 1000 1001 1002 1002 1003 1003 1004 1004 1005 1005 1006 1006 1007 1007 1008 1008 1009 1009 1010 1010 1011 1011 1012 1012 1013 1013 1014 1014 1015 1015 1016 1017 1017 1018 1018 1019 1019 1020 
1020 1021 1021 1022 1022 1023 1023 1024 1024 1025 1025 1026 1026 1027 1028 1028 1029 1029 1030 1030 1031 1031 1032 1032 1033 1033 1034 1035 1035 1036 1036 1037 1037 1038 1038 1039 1039 1040 1040 1041 1041 1042 1042 1043 1043 1044 1044 1045 1045 1046 
1046 1047 1047 1048 1048 1049 1050 1050 1051 1051 1052 1052 1053 1053 1054 1054 1055 1055 1056 1056 1057 1057 1058 1058 1059 1059 1060 1060 1061 1061 1062 1062 1063 1063 1064 1064 1065 1065 1066 1066 1067 1067 1068 1068 1069 1069 1070 1070 1071 1071 
1072 1072 1073 1073 1074 1074 1075 1076 1076 1077 1077 1078 1078 1079 1079 1080 1080 1081 1081 1082 1082 1083 1083 1084 1084 1085 1085 1086 1086 1087 1087 1088 1088 1089 1089 1090 1090 1091 1091 1092 1093 1093 1094 1094 1095 1095 1096 1096 1097 1097 
1098 1098 1099 1099 1100 1100 1101 1101 1102 1102 1103 1104 1104 1105 1105 1106 1106 1107 1107 1108 1108 1109 1109 1110 1110 1111 1111 1112 1112 1113 1113 1114 1114 1115 1115 1116 1116 1117 1117 1118 1118 1119 1119 1120 1120 1121 1122 1122 1123 1123 
1124 1124 1125 1125 1126 1126 1127 1127 1128 1129 1129 1130 1130 1131 1131 1132 1132 1133 1133 1134 1134 1135 1135 1136 1136 1137 1137 1138 1138 1139 1139 1140 1140 1141 1142 1142 1143 1143 1144 1144 1145 1146 1146 1147 1147 1148 1148 1149 1149 1150 
1150 1151 1151 1152 1152 1153 1153 1154 1154 1155 1155 1156 1156 1157 1158 1158 1159 1159 1160 1160 1161 1161 1162 1162 1163 1163 1164 1164 1165 1165 1166 1166 1167 1168 1168 1169 1169 1170 1170 1171 1171 1172 1172 1173 1173 1174 1174 1175 1176 1177 
1177 1178 1178 1179 1179 1180 1180 1181 1181 1182 1182 1183 1183 1184 1184 1185 1185 1186 1186 1187 1187 1188 1189 1189 1190 1190 1191 1191 1192 1192 1193 1193 1194 1194 1195 1195 1196 1196 1197 1197 1198 1198 1199 1200 1200 1201 1201 1202 1202 1203 
1203 1204 1204 1205 1205 1206 1206 1207 1207 1208 1208 1209 1209 1210 1210 1211 1211 1212 1212 1213 1214 1214 1215 1215 1216 1216 1217 1217 1218 1218 1219 1219 1220 1220 1221 1221 1222 1222 1223 1223 1224 1225 1225 1226 1226 1227 1227 1228 1228 1229 
1229 1230 1231 1231 1232 1232 1233 1233 1234 1234 1235 1235 1236 1236 1237 1238 1238 1239 1239 1240 1240 1241 1241 1242 1242 1243 1244 1245 1245 1246 1247 1247 1248 1249 1249 1250 1251 1252 1253 1253 1254 1254 1255 1255 1256 1257 1258 1259 1260 1260 
1261 1261 1262 1262 1263 1264 1264 1265 1265 1266 1266 1267 1267 1268 1268 1269 1270 1270 1271 1271 1272 1273 1273 1274 1274 1275 1276 1277 1277 1278 1278 1279 1279 1280 1281 1281 1282 1282 1283 1283 1284 1285 1285 1286 1286 1287 1287 1288 1289 1289 
1290 1290 1291 1291 1292 1292 1293 1293 1294 1295 1295 1296 1296 1297 1297 1298 1299 1299 1300 1300 1301 1301 1302 1303 1303 1304 1304 1305 1305 1306 1306 1307 1308 1308 1309 1309 1310 1311 1312 1312 1313 1313 1314 1314 1315 1316 1316 1317 1317 
1318

# 2, 3800
394 394 395 395 395 396 396 397 397 397 398 398 399 399 400 400 400 401 401 402 402 402 403 403 404 404 405 405 405 406 406 406 407 408 408 409 409 409 410 410 411 411 411 412 412 413 413 413 414 414 
414 415 415 416 416 416 417 417 417 418 418 419 419 419 420 420 420 421 421 422 422 422 423 423 424 424 424 425 425 426 426 426 427 427 428 428 429 429 429 430 430 430 431 431 432 432 432 433 433 433 
434 434 434 435 435 436 436 436 437 437 437 438 438 439 439 439 440 440 441 441 441 442 442 442 443 443 443 444 444 444 445 445 446 446 446 447 447 447 448 448 449 449 449 450 450 450 451 451 452 452 
452 453 453 453 454 454 454 455 455 456 456 456 457 457 457 458 458 459 459 459 460 460 460 461 461 461 462 462 462 463 463 464 464 464 465 465 466 466 466 467 467 468 468 468 469 469 469 470 470 470 
471 471 472 472 472 473 473 473 474 474 475 475 475 476 476 477 477 477 478 478 478 479 479 480 480 480 481 481 481 482 482 483 483 483 484 484 484 485 485 486 486 486 487 487 487 488 488 489 489 489 
490 490 490 491 491 492 492 492 493 493 493 494 494 495 495 495 496 496 496 497 497 498 498 498 499 499 499 500 500 501 501 501 502 502 503 503 503 504 504 504 505 505 506 506 506 507 507 507 508 508 
509 509 509 510 510 510 511 511 511 512 512 513 513 513 514 514 515 515 515 516 516 516 517 517 518 518 519 519 519 520 520 520 521 521 522 522 522 523 523 524 524 524 525 525 525 526 526 526 527 527 
528 528 528 529 529 529 530 530 531 531 532 532 532 533 534 534 534 535 535 536 536 536 537 537 537 538 538 539 539 539 540 540 541 541 541 542 542 543 543 543 544 544 544 545 545 545 546 546 547 547 
547 548 548 548 549 549 550 550 550 551 551 552 552 552 553 553 553 554 554 555 555 555 556 556 557 557 557 558 558 559 559 559 560 560 560 561 561 562 562 562 563 563 564 564 564 565 565 565 566 566 
567 567 567 568 568 569 569 569 570 570 570 571 571 572 572 572 573 573 574 574 574 575 575 576 576 576 577 577 578 578 578 579 579 580 580 580 581 581 582 582 582 583 583 584 584 584 585 585 585 586 
586 587 587 587 588 588 589 589 589 590 590 591 591 591 592 592 593 593 594 594 594 595 595 596 596 596 597 597 598 598 598 599 599 600 600 601 601 602 602 602 603 603 603 604 604 605 605 606 606 606 
607 607 608 608 608 609 609 610 610 610 611 611 612 612 613 613 614 614 614 615 615 616 616 616 617 617 618 618 619 619 620 620 620 621 621 622 622 622 623 623 624 624 624 625 625 626 626 626 627 627 
628 628 629 629 629 630 630 631 631 632 632 633 633 634 634 635 635 635 636 636 637 637 637 638 638 639 639 640 640 641 641 642 642 643 643 644 644 644 645 645 646 646 646 647 647 648 648 649 649 650 
650 650 651 651 652 652 652 653 653 654 654 655 655 655 656 656 657 657 658 658 658 659 659 660 660 661 661 662 662 662 663 663 664 664 665 665 665 666 666 667 667 667 668 668 669 669 669 670 670 671 
671 671 672 672 673 673 674 674 674 675 675 676 676 676 677 677 678 678 679 679 680 680 680 681 681 682 682 683 683 683 684 684 685 685 686 686 686 687 687 688 688 688 689 689 690 690 691 691 691 692 
692 693 693 693 694 694 695 695 696 696 696 697 697 698 698 699 699 699 700 700 701 701 702 702 702 703 703 704 704 705 705 705 706 706 707 707 708 708 708 709 709 710 710 711 711 711 712 712 713 713 
714 714 714 715 715 716 716 717 717 717 718 718 719 719 720 720 721 721 721 722 722 723 723 724 724 725 725 725 726 726 727 727 728 728 728 729 729 730 730 731 731 732 732 732 733 733 734 734 735 735 
735 736 736 737 737 738 738 739 739 739 740 740 741 741 742 742 742 743 743 744 744 745 745 746 746 747 747 747 748 748 749 749 750 750 750 751 751 752 752 753 753 754 754 754 755 755 756 756 757 757 
757 758 758 759 759 760 760 761 761 761 762 762 763 763 764 764 765 765 766 766 767 767 768 769 770 770 771 771 772 772 772 773 773 774 774 775 775 776 776 777 777 778 778 778 779 779 780 780 781 782 
782 783 783 784 784 784 785 785 786 786 787 787 788 788 789 789 790 790 791 791 791 792 792 793 793 794 794 795 795 796 796 797 797 798 798 798 799 799 800 800 801 801 802 802 803 804 804 804 805 806 
807 807 808 808 809 809 810 810 811 811 812 812 813 813 813 814 814 815 815 816 816 817 817 818 818 819 819 820 820 821 821 822 822 822 823 823 824 824 825 825 826 826 827 827 828 828 828 829 829 830 
830 831 831 832 832 833 833 834 834 835 835 835 836 836 837 837 838 838 839 839 840 840 841 841 842 842 843 843 844 844 845 845 845 846 846 847 847 848 848 849 849 850 850 851 851 852 852 852 853 853 
854 854 855 855 856 856 857 857 858 858 859 859 860 860 861 861 862 862 863 863 864 864 864 865 865 866 866 867 867 868 868 869 869 870 870 871 871 872 872 873 873 874 874 874 875 875 876 876 877 877 
878 878 879 879 880 880 881 881 882 882 883 883 884 884 885 885 886 886 887 887 888 888 888 889 889 890 890 891 891 892 892 893 893 894 894 895 895 896 896 896 897 897 898 898 899 899 900 900 901 901 
902 902 903 903 903 904 904 905 905 906 906 907 907 908 908 909 909 910 910 911 911 912 912 913 913 913 914 914 915 915 916 916 917 917 918 918 918 919 919 920 920 921 921 922 922 923 923 924 924 925 
925 926 926 927 927 927 928 928 929 929 930 931 931 932 933 934 934 935 935 936 936 937 937 938 938 939 939 940 940 941 941 942 942 943 943 944 944 945 945 946 947 947 948 948 949 949 950 951 951 952 
952 953 953 954 954 955 955 956 956 957 957 958 959 959 960 960 961 961 962 962 963 963 964 964 964 965 965 966 966 967 967 968 968 969 969 970 970 971 971 972 972 973 973 974 974 975 975 976 976 977 
977 978 978 979 979 980 980 981 981 982 982 983 983 984 984 985 985 986 986 987 987 988 988 989 989 990 990 991 991 992 992 993 993 994 994 995 995 995 996 996 997 998 998 998 999 999 1000 1000 1001 1001 
1002 1002 1003 1003 1004 1004 1005 1005 1006 1006 1007 1007 1008 1008 1009 1009 1010 1010 1011 1011 1012 1012 1013 1013 1014 1014 1015 1015 1016 1016 1017 1017 1018 1018 1019 1019 1020 1020 1021 1021 1022 1022 1023 1023 1024 1024 1025 1025 1026 1026 
1027 1027 1028 1028 1029 1029 1030 1030 1031 1032 1032 1033 1033 1034 1034 1035 1035 1036 1036 1037 1037 1038 1038 1039 1039 1040 1040 1041 1041 1042 1042 1043 1043 1044 1044 1045 1046 1046 1047 1047 1048 1048 1049 1049 1050 1050 1051 1051 1052 1052 
1053 1053 1054 1055 1055 1056 1056 1057 1057 1058 1058 1059 1059 1060 1060 1061 1062 1062 1063 1063 1064 1064 1065 1065 1066 1066 1067 1067 1068 1068 1069 1070 1070 1071 1071 1072 1072 1073 1073 1074 1074 1075 1075 1076 1076 1077 1077 1078 1078 1079 
1080 1080 1081 1081 1082 1082 1083 1083 1084 1085 1085 1086 1086 1087 1087 1088 1088 1089 1089 1090 1090 1091 1091 1092 1092 1093 1094 1094 1095 1095 1096 1096 1097 1097 1098 1098 1099 1100 1100 1101 1101 1102 1102 1103 1103 1104 1104 1105 1106 1106 
1107 1107 1108 1108 1109 1109 1110 1110 1111 1111 1112 1112 1113 1114 1114 1115 1115 1116 1116 1117 1117 1118 1118 1119 1119 1120 1121 1121 1122 1122 1123 1123 1124 1124 1125 1126 1126 1127 1127 1128 1128 1129 1129 1130 1130 1131 1131 1132 1132 1133 
1134 1134 1135 1135 1136 1136 1137 1137 1138 1138 1139 1139 1140 1140 1141 1141 1142 1142 1143 1144 1144 1145 1145 1146 1146 1147 1147 1148 1148 1149 1149 1150 1150 1151 1151 1152 1152 1153 1154 1154 1155 1155 1156 1156 1157 1157 1158 1158 1159 1159 
1160 1160 1161 1162 1162 1163 1163 1164 1164 1165 1166 1166 1167 1168 1169 1169 1170 1171 1171 1172 1172 1173 1173 1174 1175 1175 1176 1176 1177 1177 1178 1178 1179 1180 1180 1181 1181 1182 1183 1183 1184 1185 1185 1186 1186 1187 1187 1188 1189 1189 
1190 1190 1191 1191 1192 1192 1193 1193 1194 1195 1195 1196 1196 1197 1197 1198 1198 1199 1199 1200 1200 1201 1201 1202 1203 1203 1204 1204 1205 1205 1206 1206 1207 1207 1208 1208 1209 1209 1210 1211 1211 1212 1212 1213 1213 1214 1214 1215 1215 1216 
1216 1217 1218 1218 1219 1219 1220 1220 1221 1221 1222 1223 1223 1224 1224 1225 1225 1226 1226 1227 1227 1228 1228 1229 1230 1231 1232 1232 1233 1233 1234 1234 1235 1236 1236 1237 1237 1238 1238 1239 1239 1240 1240 1241 1242 1242 1243 1243 1244 1244 
1245 1245 1246 1246 1247 1248 1248 1249 1249 1250 1250 1251 1251 1252 1252 1253 1253 1254 1255 1255 1256 1256 1257 1257 1258 1258 1259 1260 1260 1261 1261 1262 1262 1263 1263 1264 1265 1265 1266 1267 1267 1268 1268 1269 1269 1270 1271 1271 1272 1272 
1273 1274 1274 1275 1275 1276 1277 1277 1278 1278 1279 1279 1280 1280 1281 1282 1282 1283 1283 1284 1284 1285 1285 1286 1287 1287 1288 1288 1289 1289 1290 1291 1291 1292 1292 1293 1293 1294 1294 1295 1295 1296 1296 1297 1297 1298 1298 1299 1300 1300 
1301 1301 1302 1302 1303 1304 1304 1305 1305 1306 1306 1307 1307 1308 1308 1309 1310 1310 1311 1311 1312 1312 1313 1313 1314 1315 1315 1316 1316 1317 1317 1318 1318 1319 1319 1320 1321 1321 1322 1322 1323 1323 1324 1325 1325 1326 1326 1327 1327 
1328

# 2, 4000
412 412 412 413 413 413 414 414 415 415 415 416 416 416 417 417 417 418 418 419 419 419 420 420 420 421 421 421 422 422 423 423 423 424 424 424 425 425 425 426 426 427 433 434 434 434 435 435 436 436 
436 437 437 437 438 438 438 439 439 440 440 440 441 441 442 442 442 443 443 443 444 444 445 445 445 446 446 446 447 447 448 448 448 449 449 450 450 450 451 451 452 452 452 453 453 454 454 454 455 455 
455 456 456 457 457 457 458 458 458 459 459 460 460 460 461 461 461 462 462 463 463 463 464 464 465 465 465 466 466 467 470 471 472 472 473 473 474 474 478 478 479 479 480 480 481 481 481 482 482 482 
483 484 484 485 485 486 486 486 487 487 488 488 488 489 489 490 490 490 491 491 492 492 492 493 493 493 494 494 495 495 495 496 496 497 497 497 498 499 499 499 500 500 500 501 501 502 502 502 503 503 
504 504 504 505 505 506 506 506 507 507 508 508 509 509 509 510 510 511 511 511 512 512 513 513 514 514 515 515 515 516 516 517 517 517 518 518 519 519 520 520 520 521 521 522 522 523 523 523 524 524 
525 525 526 526 527 527 527 528 528 529 529 529 530 530 531 531 532 532 532 533 533 534 534 535 535 535 536 536 537 537 538 538 538 539 539 540 540 541 541 541 542 542 543 543 544 544 545 545 546 546 
547 547 547 548 548 549 549 550 550 550 551 551 552 552 553 553 554 555 555 556 556 557 557 558 558 559 559 559 560 560 561 561 562 562 563 563 564 564 565 565 566 566 567 567 568 568 569 569 570 570 
570 571 571 572 572 573 573 573 574 574 575 575 576 577 578 579 579 580 580 580 581 581 582 582 583 583 583 584 584 585 585 585 586 586 587 587 588 588 589 589 589 590 590 591 591 591 592 592 593 593 
594 594 594 595 595 596 596 596 597 597 598 598 598 599 599 600 600 601 601 601 602 602 603 603 603 604 604 605 605 606 606 606 607 607 608 608 609 609 609 610 610 611 611 611 612 612 613 613 613 614 
614 615 615 616 616 616 617 618 619 619 628 629 629 629 631 632 637 637 639 642 642 643 644 645 645 647 648 650 652 654 655 655 656 656 657 657 658 658 658 659 659 660 660 661 661 661 662 669 669 670 
670 671 672 672 673 679 682 682 683 683 684 684 685 685 685 686 686 687 687 688 695 696 696 697 697 698 698 698 699 699 700 700 701 701 701 702 702 703 703 704 704 704 706 707 707 708 709 710 710 711 
711 711 712 712 713 713 714 714 715 715 716 716 717 717 717 718 718 719 719 720 720 720 721 721 722 722 723 724 724 725 726 728 728 729 729 729 730 730 731 731 732 732 732 733 733 734 734 735 735 735 
736 736 738 739 740 741 742 744 744 747 747 749 749 750 750 752 752 753 753 754 754 755 755 756 760 760 762 763 763 764 764 765 765 766 766 766 767 767 768 768 769 769 769 770 770 771 771 772 772 772 
773 773 774 774 775 775 776 776 777 777 777 778 778 779 779 780 780 781 781 781 782 782 783 783 784 784 785 785 786 786 787 787 788 788 789 789 789 790 790 791 791 792 792 792 793 793 795 798 798 799 
799 800 800 801 801 802 802 802 803 803 804 804 805 805 806 806 807 807 808 811 811 811 812 812 813 813 814 814 815 815 816 816 816 817 817 818 818 819 819 820 820 821 821 822 822 822 823 823 824 825 
825 826 826 827 827 827 828 828 829 829 830 830 831 831 832 832 833 833 834 834 835 835 835 836 836 837 837 838 838 839 839 840 840 840 841 841 842 842 843 843 844 844 845 845 846 846 847 847 848 848 
848 849 850 850 851 851 851 852 852 853 853 854 854 855 855 856 856 857 857 858 858 859 859 860 860 861 861 862 862 863 863 864 864 864 865 865 866 866 867 867 868 868 869 869 870 870 871 872 872 873 
874 874 875 876 876 877 877 877 878 878 879 879 880 880 881 881 882 882 883 883 884 885 886 886 887 887 888 888 889 889 890 890 891 891 892 892 893 893 894 894 895 895 896 896 897 897 898 898 899 899 
900 900 901 901 902 902 903 903 904 904 905 905 905 906 906 907 907 908 908 909 909 910 910 911 911 912 912 913 913 914 914 915 915 916 916 917 917 918 918 919 920 920 921 921 922 922 923 923 924 924 
925 925 926 926 927 927 928 928 929 929 930 930 931 931 932 932 933 933 934 934 935 936 936 937 938 939 939 940 940 941 941 942 942 943 943 944 944 945 945 946 946 946 947 947 948 948 949 949 950 950 
951 951 952 952 953 953 954 954 955 955 956 956 957 957 958 958 959 959 960 960 961 961 962 962 963 963 964 964 965 965 966 966 967 967 968 968 969 969 970 970 971 971 972 972 973 973 974 974 975 975 
975 976 976 977 977 978 978 979 979 980 980 981 981 982 982 983 983 984 984 985 985 986 986 987 987 988 988 989 989 990 990 991 991 992 992 993 993 994 994 995 995 996 996 997 997 998 998 999 999 999 
1000 1000 1001 1001 1002 1002 1003 1003 1004 1004 1005 1005 1006 1006 1007 1007 1008 1008 1009 1009 1010 1010 1011 1011 1012 1012 1013 1013 1014 1014 1015 1015 1016 1016 1017 1018 1018 1019 1019 1020 1020 1021 1021 1022 1022 1023 1023 1024 1024 1025 
1025 1026 1026 1027 1027 1028 1029 1031 1031 1032 1033 1034 1034 1038 1038 1041 1042 1043 1043 1044 1044 1045 1045 1046 1046 1047 1047 1048 1048 1049 1049 1050 1050 1051 1051 1052 1052 1053 1053 1054 1054 1055 1055 1056 1056 1057 1058 1059 1060 1061 
1062 1063 1064 1069 1069 1070 1070 1071 1071 1072 1073 1073 1074 1074 1075 1075 1076 1076 1077 1077 1078 1078 1079 1079 1080 1080 1081 1081 1082 1082 1083 1083 1084 1084 1085 1085 1086 1086 1087 1087 1088 1088 1089 1089 1090 1090 1091 1092 1092 1093 
1093 1094 1094 1095 1095 1096 1096 1097 1097 1098 1098 1099 1099 1100 1100 1101 1101 1102 1102 1103 1103 1104 1104 1105 1105 1106 1106 1107 1107 1108 1109 1109 1110 1110 1111 1111 1112 1112 1113 1113 1114 1114 1115 1115 1116 1116 1117 1117 1118 1118 
1119 1119 1120 1120 1121 1121 1122 1122 1123 1125 1126 1126 1128 1130 1132 1134 1135 1136 1136 1137 1137 1138 1138 1139 1139 1140 1140 1141 1141 1142 1142 1143 1143 1144 1144 1145 1145 1146 1146 1147 1147 1148 1148 1149 1150 1150 1151 1151 1152 1152 
1153 1153 1154 1154 1155 1155 1156 1156 1157 1157 1158 1158 1159 1160 1160 1161 1161 1162 1162 1163 1163 1164 1164 1165 1165 1166 1166 1167 1167 1168 1168 1169 1169 1170 1171 1171 1171 1172 1172 1173 1173 1174 1175 1176 1177 1177 1178 1178 1179 1180 
1180 1181 1181 1182 1182 1183 1184 1185 1185 1186 1187 1187 1188 1188 1189 1189 1190 1190 1191 1191 1192 1192 1193 1193 1194 1194 1195 1195 1196 1196 1197 1197 1198 1198 1199 1199 1200 1201 1201 1202 1202 1203 1203 1204 1204 1205 1205 1206 1206 1207 
1207 1208 1209 1209 1210 1210 1211 1211 1212 1212 1213 1213 1214 1214 1215 1215 1216 1216 1217 1217 1218 1218 1219 1219 1220 1220 1221 1221 1222 1222 1223 1224 1224 1225 1225 1226 1226 1227 1227 1228 1228 1229 1229 1230 1230 1231 1231 1232 1232 1233 
1234 1234 1235 1235 1236 1236 1237 1237 1238 1238 1239 1239 1240 1240 1241 1241 1242 1243 1243 1244 1244 1245 1245 1246 1246 1247 1247 1248 1248 1249 1249 1250 1250 1251 1251 1252 1253 1253 1254 1254 1255 1255 1256 1256 1257 1257 1258 1258 1259 1259 
1260 1260 1261 1262 1262 1263 1263 1264 1264 1265 1265 1266 1266 1267 1267 1268 1269 1269 1270 1270 1271 1271 1272 1272 1273 1273 1274 1274 1275 1275 1276 1276 1277 1277 1278 1278 1279 1280 1280 1281 1281 1282 1282 1283 1283 1284 1284 1285 1285 1286 
1286 1287 1288 1288 1289 1289 1290 1290 1291 1291 1292 1292 1293 1293 1294 1295 1295 1296 1296 1297 1297 1298 1298 1299 1300 1300 1301 1301 1302 1302 1303 1303 1304 1304 1305 1305 1306 1307 1307 1308 1308 1309 1309 1310 1311 1311 1312 1312 1313 1314 
1314 1315 1315 1316 1316 1317 1317 1318 1318 1319 1319 1320 1321 1321 1322 1322 1323 1323 1324 1324 1325 1325 1326 1326 1327 1327 1328 1329 1329 1330 1330 1331 1331 1332 1332 1333 1333 1334 1334 1335 1335 1336 1337 1337 1338 1338 1339 1339 1340 1340 
1341 1341 1342 1342 1343 1344 1344 1345 1345 1346 1346 1347 1347 1348 1349 1349 1350 1350 1351 1351 1352 1352 1353 1353 1354 1354 1355 1356 1356 1357 1357 1358 1358 1359 1359 1360 1360 1361 1361 1362 1363 1363 1364 1364 1365 1365 1366 1366 1367 1367 
1368 1368 1369 1369 1370 1371 1371 1372 1372 1373 1373 1374 1374 1375 1376 1376 1377 1377 1378 1378 1379 1379 1380 1380 1381 1381 1382 1383 1383 1384 1384 1385 1385 1386 1386 1387 1388 1388 1389 1389 1390 1390 1391 1391 1392 1393 1393 1394 1394 
1395

# 50, 200
30 42 52 
62 

# 50, 400
29 41 52 62 71 79 88 
96 

# 50, 600
32 45 55 64 73 81 90 98 106 114 122 
130 

# 50, 800
31 43 53 62 70 78 86 94 102 111 119 127 135 144 152 
160 

# 50, 1000
30 44 54 63 72 80 88 96 105 113 122 130 139 147 155 163 172 181 191 
200 

# 50, 1200
32 42 52 61 69 77 86 94 103 111 120 129 137 146 155 163 172 181 190 198 207 216 225 
233 

# 50, 1400
33 45 55 66 75 83 91 100 108 116 125 133 142 150 158 166 175 184 192 201 209 218 226 235 243 252 261 
270 

# 50, 1600
32 45 55 65 74 82 90 99 107 115 124 132 141 150 159 168 177 186 196 204 214 223 232 240 249 258 266 275 283 292 301 
310 

# 50, 1800
31 42 51 60 68 76 84 92 101 109 117 125 134 142 150 158 166 174 182 190 199 207 215 223 232 240 248 257 265 273 281 289 298 306 314 
323 

# 50, 2000
29 40 51 61 71 80 88 96 104 112 121 129 137 146 153 161 169 178 186 194 202 210 219 227 235 243 251 259 267 275 284 292 300 308 316 325 333 341 349 
357  

# 50, 2200
38 47 56 65 75 85 93 102 110 119 128 136 144 152 163 174 182 191 199 213 222 230 238 247 255 264 273 281 290 299 307 315 324 334 342 351 359 368 376 385 393 402 411 
420 

# 50, 2400
42 53 62 72 81 91 100 109 118 127 135 144 153 161 174 182 191 200 209 218 226 235 244 253 261 270 279 287 296 305 313 322 331 339 348 358 366 375 384 395 404 413 423 432 442 452 462 
472

# 50, 2600
40 50 59 68 77 85 93 101 109 117 125 134 142 151 159 168 176 185 194 202 211 220 229 237 246 254 263 272 280 289 297 306 314 323 332 340 349 358 366 375 384 393 402 411 420 428 437 447 456 465 
474 
483

# 50, 2800
39 51 63 73 82 91 99 107 116 124 132 141 150 158 166 175 183 192 200 209 217 226 234 243 252 260 270 278 287 296 304 313 322 331 339 348 357 366 375 385 394 404 413 422 431 440 449 458 467 476 
485 494 503 512 521 
530

# 50, 3000
38 50 63 75 85 95 104 113 121 130 138 147 155 164 172 181 189 197 206 215 223 231 240 248 257 265 274 282 291 299 308 317 325 334 343 351 360 369 378 387 395 404 413 422 430 439 448 457 466 475 
484 493 501 510 519 527 536 545 554 
563

# 50, 3200
51 63 72 82 90 99 107 115 123 131 140 148 157 165 173 182 190 199 207 215 223 231 241 250 260 270 281 290 299 308 317 325 334 343 352 361 371 381 389 398 407 416 425 433 442 451 460 469 477 486 
495 504 513 522 531 541 550 559 568 577 587 596 605 
615

# 50, 3400
40 50 59 67 75 84 92 100 109 117 125 134 142 151 159 168 176 185 193 202 211 219 228 237 245 254 263 271 280 288 297 306 315 324 332 341 349 358 367 375 384 393 402 411 419 428 437 446 455 464 
473 481 490 499 508 516 525 534 542 551 560 569 578 587 597 606 615 
624

# 50, 3600
39 50 60 69 78 87 95 103 112 120 128 137 146 154 163 174 183 193 201 210 219 227 236 244 253 262 271 279 288 297 305 314 323 332 341 349 359 367 377 385 394 403 411 420 429 437 446 455 464 472 
482 490 499 508 517 525 533 542 550 559 567 576 584 593 602 610 619 
629

# 50, 3800
43 54 64 72 80 88 96 104 113 121 130 138 146 154 163 171 180 189 197 206 214 223 231 240 248 257 265 274 282 290 298 306 314 322 330 339 348 356 365 373 381 390 398 407 415 424 432 441 449 458 
466 475 483 492 501 510 518 527 535 544 553 562 570 579 588 596 605 614 622 631 640 649 657 666 675 
683

# 50, 4000
43 54 63 72 81 89 97 105 114 122 133 141 149 158 166 174 183 192 201 209 218 227 236 245 254 264 273 282 292 300 309 318 327 339 348 357 366 374 383 392 401 409 418 427 435 444 453 461 470 479 
488 496 506 515 524 533 541 553 562 573 582 592 602 612 621 630 640 649 658 668 677 686 696 705 714 723 732 741 753 
762

# 100, 200
40 
61 

# 100, 400
43 61 78
96 

# 100, 600
39 59 77 93 109 
125 

# 100, 800
41 62 78 94 110 126 142 
158 

# 100, 1000
39 61 79 95 112 128 145 161 177 
193 

# 100, 1200
41 65 84 102 119 136 153 171 188 205 225 
243 

# 100, 1400
40 58 75 92 109 126 143 159 176 192 208 225 241 
258  

# 100, 1600
40 58 74 90 107 123 139 155 171 188 203 219 235 252 269 
286  

# 100, 1800
39 58 75 94 110 126 143 159 175 192 209 225 242 258 275 291 308 
324  

# 100, 2000
43 62 79 95 111 128 145 165 185 200 216 232 248 263 280 297 314 330 346 
362  

# 100, 2200
41 63 81 98 115 132 149 166 184 202 219 237 255 272 289 306 324 341 358 376 393 
411 

# 100, 2400
40 59 78 94 111 128 145 162 180 197 216 234 252 269 287 306 323 340 361 378 396 413 432 
452 

# 100, 2600
47 68 87 104 120 137 154 171 188 205 223 242 259 276 293 311 328 345 362 379 397 414 431 449 469 
486 

# 100, 2800
47 66 85 103 120 136 153 170 187 204 222 239 256 273 290 307 324 341 358 376 393 411 429 446 463 481 499 
518 

# 100, 3000
42 60 76 92 108 124 141 157 173 189 204 220 236 252 267 284 299 315 331 348 366 382 398 415 431 448 465 482 499 
516 

# 100, 3200
36 57 76 92 107 124 140 156 173 189 206 223 239 255 271 288 305 321 338 355 372 388 405 421 438 455 471 488 504 521 538 
555 

# 100, 3400
44 66 84 101 117 134 151 168 185 202 219 236 254 271 289 307 324 342 360 378 396 413 431 448 466 484 502 519 537 555 572 590 608 
625 

# 100, 3600
38 57 76 93 109 126 142 159 177 194 211 228 246 263 280 297 319 336 354 372 390 408 426 444 462 480 498 516 537 555 572 590 607 625 644 
663 

# 100, 3800
45 63 79 95 111 127 144 160 176 192 208 224 240 256 272 287 303 319 335 351 367 382 398 414 432 449 465 482 499 516 533 549 566 582 599 615 632 648 
665 

# 100, 4000
46 63 78 94 110 127 143 159 179 195 212 228 245 262 279 295 312 329 345 362 380 397 416 436 456 475 494 513 533 551 569 586 604 622 640 663 681 701 719 
737 

# 200, 200
57

# 200, 400
61 
96 

# 200, 600
60 93 
126 

# 200, 800
60 93 126 
160 

# 200, 1000
60 95 128 161 
195 

# 200, 1200
58 89 121 154 186 
220 

# 200, 1400
57 89 122 155 187 219 
251 

# 200, 1600
53 87 120 153 188 222 257 
292 

# 200, 1800
57 90 123 155 189 221 253 286 
319 

# 200, 2000
57 91 130 164 197 230 262 295 328 
360 

# 200, 2200
56 88 120 153 184 215 247 278 309 341 
374 

# 200, 2400
54 89 121 154 187 219 252 285 317 350 383 
415  

# 200, 2600
63 94 126 159 192 224 257 289 321 353 385 418 
451 

# 200, 2800
58 90 122 154 187 219 252 284 317 349 381 414 447 
479  

# 200, 3000
57 91 124 157 190 222 255 288 320 352 384 416 449 482 
516 

# 200, 3200
57 90 124 157 191 225 264 299 334 368 401 435 469 504 538 
573 

# 200, 3400
58 91 123 157 189 220 252 283 314 347 381 415 448 481 515 549 
582  

# 200, 3600 
56 89 122 155 189 222 256 289 323 356 393 426 459 491 524 557 589 
624 

# 200, 3800
59 93 125 158 191 224 256 288 320 356 388 420 455 489 523 556 590 624 
659 

# 200, 4000
59 92 124 161 195 228 260 292 324 356 388 421 454 487 520 554 587 621 655 
688 



# 400, 400
101



# 400, 800
98 
167 


# 400, 1200
90 154 
219 



# 400, 1600
92 160 226 
295 



# 400, 2000
88 155 222 289 
359 



# 400, 2400
90 156 220 284 348 
413 



# 400, 2800
93 160 228 299 371 440 
510 


# 400, 3200
95 162 231 301 369 439 507 
577 



# 400, 3600
86 152 219 286 352 419 487 560 
631 



# 400, 4000
88 156 222 287 354 429 499 573 645 
714 



# 600, 600
127 



# 600, 1200
125 
227 


# 600, 1800
123 220 
316 


# 600, 2400
120 226 332 
445 


# 600, 3000
123 221 319 420 
531 



# 600, 3600
119 219 319 421 530 
636 



# 800, 800
157


# 800, 1600
153 
282 



# 800, 2400
155 290 
422 


# 800, 3200
155 283 414 
550 



# 800, 4000
151 281 412 544 
679 


# 1000, 1000
187


# 1000, 2000
183 
351 



# 1000, 3000
182 347 
518  



# 1000, 4000
182 340 501 
667  



# 1200, 1200
235

# 1200, 2400
217 
413

# 1200, 3600
232 437 
650 



# 1400, 1400
248

# 1400, 2800
259 
500  


# 1600, 1600
290


# 1600, 3200
281 
538  


# 1800, 1800
311

# 1800, 3600
314 
607 


# 2000, 2000
353

# 2000, 4000
370 
696 


# 2200, 2200
402


# 2400, 2400
428

# 2600, 2600
478

# 2800, 2800
481

# 3000, 3000
506

# 3200, 3200
629

# 3400, 3400
630

# 3600, 3600
633 

# 3800, 3800
657

# 4000, 4000
681