# buffer_size: 4096B

# 2, 200
46 47 48 48 49 49 50 50 52 52 53 53 54 54 56 56 57 57 58 58 59 59 60 60 61 61 62 62 63 63 64 64 65 65 66 66 67 67 68 68 69 69 70 70 71 71 72 72 73 73 
74 74 75 75 76 76 77 77 78 78 79 79 80 80 81 81 82 83 84 84 85 85 86 86 87 87 88 88 89 89 90 90 91 91 92 92 93 93 94 94 95 95 96 96 97 97 98 98 99 
99

# 2, 400
74 74 75 75 76 76 76 77 78 78 78 79 79 80 80 81 81 82 82 83 83 84 84 84 85 85 86 86 86 87 87 88 88 89 89 90 90 91 91 92 92 93 93 94 94 95 95 96 96 97 
97 97 98 98 99 99 99 100 100 101 101 102 102 103 103 104 104 105 105 106 106 107 107 108 108 109 109 110 110 110 111 111 112 112 112 113 113 114 114 115 115 120 121 121 122 124 124 128 128 129 
129 129 130 131 132 132 133 133 134 134 136 136 137 137 138 138 139 139 140 140 146 147 149 149 150 150 150 151 151 152 152 153 153 153 154 154 155 155 156 156 157 157 158 158 159 159 160 160 161 161 
162 162 163 163 164 164 165 165 166 166 167 167 167 168 168 169 169 169 170 170 171 171 172 172 173 173 174 174 175 175 176 176 177 177 178 178 179 179 180 180 181 181 182 182 183 183 184 184 185 
185

# 2, 600
101 101 102 102 103 103 104 104 105 105 106 106 107 107 107 108 108 109 109 109 110 110 111 111 112 112 113 113 114 114 115 115 116 116 117 117 118 118 119 119 120 120 121 121 121 122 122 123 123 124 
124 124 125 125 126 126 127 127 129 129 130 131 132 132 133 134 134 135 136 136 137 137 139 139 140 140 142 142 143 143 145 146 147 147 149 149 150 150 151 151 153 153 155 155 156 156 157 157 158 158 
159 159 160 160 161 161 162 162 163 163 163 164 164 164 165 165 166 166 167 167 168 168 169 169 170 170 171 171 172 172 173 173 174 174 174 175 175 176 177 177 177 178 178 178 179 179 180 180 181 181 
182 182 183 183 184 184 185 185 186 186 187 187 188 188 189 189 190 190 191 191 192 192 193 193 194 194 195 195 196 196 197 197 198 198 199 199 200 200 201 201 202 202 203 203 204 204 205 205 206 206 
207 207 208 208 209 209 210 210 211 211 212 212 213 213 214 214 215 215 216 216 217 217 218 218 219 219 220 220 221 221 222 222 223 223 224 224 225 225 226 226 227 227 228 228 229 229 230 230 231 231 
232 232 233 233 234 234 235 235 236 236 236 237 238 238 239 239 239 240 240 241 241 242 242 242 243 244 244 245 245 246 246 247 247 247 248 248 249 249 250 250 251 251 252 252 253 253 254 254 255 
255

# 2, 800
117 117 118 118 119 119 120 120 121 121 121 122 122 123 123 124 124 124 125 125 126 126 127 127 128 128 129 129 130 130 131 131 132 132 133 133 134 134 135 135 136 136 137 137 138 138 139 139 140 140 
141 141 142 142 144 148 148 149 149 151 151 154 154 155 155 157 157 159 159 163 163 164 164 166 166 167 168 169 169 170 170 171 171 172 172 173 173 174 174 175 176 179 180 181 181 182 182 183 183 185 
185 189 189 190 190 191 191 194 194 195 195 196 196 197 197 197 198 199 199 199 200 200 201 201 202 202 202 203 203 204 205 206 206 206 207 207 208 209 209 213 213 214 214 216 216 217 217 218 218 219 
219 220 221 221 222 222 223 223 224 224 225 225 225 226 226 228 228 229 229 230 230 231 231 234 234 235 235 241 241 243 243 244 244 244 245 245 246 247 247 247 248 249 249 249 250 250 251 251 251 252 
252 253 253 254 254 255 255 256 256 257 257 258 258 259 259 260 260 261 261 263 263 268 268 269 270 271 271 274 274 275 275 276 276 277 277 278 278 279 279 280 280 281 281 282 282 283 283 283 284 284 
285 285 286 286 287 287 287 288 288 289 289 290 290 291 291 292 292 293 293 294 294 295 295 296 296 297 297 298 298 299 299 300 300 301 301 302 302 303 303 304 304 305 305 306 306 307 307 308 308 309 
309 310 310 311 311 312 312 313 313 314 314 315 315 316 316 317 317 318 318 319 319 320 320 321 321 322 323 323 324 324 325 325 326 326 327 327 328 328 329 329 330 330 331 331 332 332 333 333 334 334 
335 335 336 336 337 338 338 339 339 340 340 341 341 342 342 343 343 344 344 345 345 346 346 347 347 348 348 349 349 350 350 351 351 353 354 358 358 362 362 363 363 364 364 365 365 366 366 367 367 
368

# 2, 1000
139 139 140 140 141 141 142 142 143 143 144 144 145 145 146 146 147 147 148 148 148 149 149 150 150 151 151 152 152 152 153 153 154 154 155 155 156 156 157 157 158 158 159 159 160 160 161 161 161 162 
162 163 163 163 164 164 165 165 166 166 167 167 168 168 169 169 170 170 171 171 172 172 172 173 173 174 174 175 175 176 176 177 177 177 178 178 179 179 180 180 181 181 182 182 183 183 184 184 185 185 
186 186 187 187 188 188 189 189 190 190 191 191 192 192 192 193 193 193 194 195 195 196 196 197 197 197 198 198 199 199 200 200 201 201 202 202 203 203 204 204 205 205 206 206 207 207 208 208 210 210 
211 211 212 212 213 213 214 214 215 215 216 216 217 217 218 218 218 219 219 220 221 221 222 222 223 223 224 224 225 225 226 226 227 227 228 228 229 229 230 230 230 231 231 232 232 233 234 234 235 235 
235 236 236 237 237 237 238 238 239 239 240 240 241 241 242 242 243 243 244 244 245 245 246 246 247 247 248 248 249 249 250 250 251 251 252 252 253 253 254 254 255 255 256 256 257 257 258 258 259 259 
260 260 261 261 262 262 263 263 264 264 265 265 266 266 267 267 268 268 269 269 270 270 270 271 272 272 273 273 274 274 275 275 276 276 277 277 278 278 279 279 280 280 281 281 282 282 283 283 284 284 
285 285 286 286 287 287 288 288 289 289 290 290 291 291 292 292 293 293 294 294 295 295 296 296 297 297 298 298 299 299 300 300 301 301 302 302 303 303 304 304 305 305 306 306 307 307 308 308 309 309 
310 310 311 311 312 312 313 313 314 314 315 315 316 316 317 317 318 318 319 319 320 320 321 321 322 322 323 323 324 324 325 325 326 326 327 327 328 329 329 330 330 331 331 332 332 333 333 334 334 335 
335 336 336 337 337 338 338 339 339 340 340 341 341 342 342 343 343 344 344 345 345 346 346 347 347 348 348 349 349 350 350 351 352 352 353 353 354 354 355 355 356 356 357 357 358 358 359 359 360 360 
361 361 362 362 363 363 364 364 365 366 366 366 367 368 368 369 369 370 370 371 371 372 372 373 373 374 374 375 375 376 376 377 377 378 378 379 379 380 380 381 381 382 382 383 383 384 384 385 385 
386

# 2, 1200
160 161 161 162 162 163 163 163 164 164 165 165 166 166 167 167 168 168 169 169 170 170 171 171 171 172 172 173 173 173 174 174 175 175 176 176 177 177 178 178 179 179 180 180 181 181 182 182 182 183 
183 183 184 184 185 185 186 186 187 187 188 188 189 189 190 190 190 191 191 192 192 192 193 193 194 194 195 195 196 196 197 197 198 198 199 199 200 200 200 201 201 202 202 202 203 203 204 204 205 205 
206 206 207 207 208 208 209 209 209 210 210 211 211 211 212 212 213 213 214 214 215 215 216 216 217 217 218 218 219 219 220 220 221 221 221 222 222 223 223 224 224 225 225 225 226 226 227 227 228 228 
229 229 230 230 231 231 232 232 233 233 234 234 235 235 236 236 236 237 237 238 238 239 239 239 240 240 241 241 242 242 243 243 244 244 245 245 246 246 247 247 248 248 249 249 250 250 251 251 252 252 
252 253 253 254 254 254 255 255 256 256 257 257 258 258 259 259 260 260 261 261 262 262 263 263 264 264 264 265 266 266 267 267 267 268 268 269 269 270 270 271 271 271 272 272 273 273 274 274 275 275 
276 276 277 277 278 278 279 279 279 280 280 281 281 282 282 282 283 283 284 284 285 285 286 286 287 287 288 288 289 289 290 290 291 291 292 293 293 293 294 294 295 295 296 296 297 297 298 298 299 299 
300 300 301 301 301 302 302 303 303 304 304 304 305 305 306 306 307 307 308 308 309 309 310 310 311 311 312 312 313 313 314 314 315 315 316 316 316 317 317 318 318 319 319 319 320 320 321 321 322 322 
323 323 324 324 325 325 326 326 327 327 328 328 329 329 330 330 330 331 332 332 333 333 333 334 334 335 335 336 336 336 337 337 338 338 339 339 340 340 341 341 342 342 343 343 344 344 345 345 346 346 
347 347 348 348 349 349 350 350 351 351 352 352 353 353 354 354 354 355 356 356 357 357 357 358 359 359 360 360 360 361 361 362 363 363 364 364 364 365 365 366 366 367 367 368 368 368 369 369 370 370 
371 371 372 372 373 373 374 374 375 375 376 376 377 377 378 378 379 379 380 380 381 381 382 382 383 383 385 385 386 386 387 387 388 388 389 389 390 390 391 391 392 392 393 393 394 394 395 395 396 396 
397 397 398 398 399 399 400 400 401 401 402 402 403 403 404 404 405 405 406 406 407 407 408 408 409 409 410 410 411 411 412 412 413 413 414 414 415 415 416 416 417 417 418 418 419 419 420 420 421 421 
422 422 423 423 424 425 426 426 427 427 428 428 429 429 430 430 431 431 432 432 433 433 434 434 435 435 436 436 437 438 438 439 439 440 440 441 441 442 442 443 444 444 445 445 446 446 447 447 448 
448

# 2, 1400
180 181 182 182 183 183 183 184 184 185 185 186 186 186 187 187 188 188 189 189 190 190 191 191 192 192 193 193 193 194 194 194 195 195 196 196 197 197 198 198 199 199 200 200 201 201 202 202 202 203 
203 203 204 204 205 205 206 206 207 207 208 208 209 209 209 210 210 210 211 211 212 212 213 213 214 214 215 215 216 216 216 217 217 218 218 218 219 219 220 220 221 221 222 222 223 223 223 224 224 224 
225 225 226 226 227 227 228 228 229 229 230 230 231 231 231 232 232 232 233 233 234 234 235 235 236 236 237 237 238 238 238 239 239 240 240 240 241 241 242 242 243 243 244 244 245 245 246 246 247 247 
248 248 248 249 250 250 251 251 254 254 256 256 257 257 259 259 260 260 269 269 271 271 272 272 273 273 274 275 276 276 277 277 278 278 279 279 280 281 281 282 285 285 290 290 295 295 296 297 298 298 
299 299 300 300 301 301 302 302 306 306 310 310 311 311 312 313 315 315 315 319 319 320 320 322 322 323 323 324 324 326 326 328 328 330 330 331 331 332 332 333 333 334 334 336 336 337 337 338 338 339 
339 340 340 341 341 342 342 343 343 344 344 345 345 346 347 348 348 349 349 350 350 351 351 352 352 353 353 354 355 355 355 356 356 357 357 358 358 359 359 360 360 361 361 362 363 363 363 364 364 365 
365 366 366 367 367 368 368 369 369 370 370 372 372 373 373 374 374 376 376 377 377 379 379 380 380 381 382 382 383 383 384 384 385 386 386 387 387 388 388 389 389 390 390 391 391 392 393 394 394 395 
395 396 396 397 397 398 398 399 399 400 400 401 401 402 402 403 403 404 404 406 406 407 407 408 408 409 409 410 410 411 411 412 412 413 413 414 414 415 415 416 416 417 417 419 419 420 420 421 421 422 
422 423 423 424 424 425 425 426 426 427 427 428 428 429 429 430 430 432 432 433 433 434 434 435 435 436 436 437 437 438 438 439 439 440 440 441 441 442 443 444 444 445 445 447 448 449 450 451 451 452 
452 453 453 454 454 455 455 456 456 457 457 458 458 459 459 460 460 461 461 462 462 463 463 464 464 465 466 467 467 468 468 469 469 470 471 471 472 473 473 474 474 475 475 476 476 477 477 478 478 479 
479 480 480 481 481 482 482 483 483 484 484 485 485 486 487 487 488 489 489 490 490 491 492 494 494 495 495 497 497 499 499 500 501 502 502 503 503 504 504 505 505 506 506 507 507 508 508 509 509 510 
510 511 512 512 513 513 514 515 515 516 516 517 517 518 518 519 519 520 520 521 521 522 522 523 523 524 525 525 526 527 527 528 528 529 529 530 530 531 531 532 532 533 533 534 534 535 535 536 536 537 
538 538 539 539 540 540 541 541 542 543 543 544 544 545 545 546 546 547 547 548 548 549 549 550 551 551 552 553 553 554 554 555 555 556 556 557 557 558 558 559 559 560 560 561 561 562 562 563 563 564 
564 565 565 566 566 567 568 568 569 569 570 571 571 572 572 573 573 574 574 575 575 576 576 577 577 578 578 579 580 583 584 584 585 586 586 587 587 588 588 589 589 590 590 591 591 592 592 593 594 
594

# 2, 1600
204 205 205 205 206 206 207 207 208 209 210 210 211 211 212 212 213 213 214 214 215 215 216 216 217 217 218 218 219 219 220 220 221 221 222 222 223 223 224 224 225 225 226 226 227 227 228 228 228 229 
229 229 230 230 231 231 232 232 233 233 234 234 235 235 236 236 237 237 238 238 239 239 240 240 241 241 242 242 242 243 243 244 244 244 245 245 246 246 247 247 248 248 249 249 250 250 251 251 252 252 
252 253 253 254 254 255 255 255 256 256 257 257 258 258 259 259 260 260 261 261 262 262 263 263 264 264 265 265 265 266 266 267 267 268 268 268 269 269 270 270 271 271 272 272 273 273 274 274 275 275 
276 276 277 277 278 278 279 279 280 280 281 281 282 282 283 283 284 284 285 285 286 286 287 287 288 288 289 289 290 290 291 291 292 292 292 293 293 294 294 295 295 295 296 296 297 297 298 298 299 299 
300 300 301 301 302 302 303 303 304 304 305 305 306 306 307 307 308 308 309 309 310 310 311 311 312 312 313 313 314 314 315 315 316 316 316 317 318 318 318 319 319 320 321 321 322 322 323 323 324 324 
325 325 326 326 327 327 328 328 329 329 330 330 331 331 332 332 333 333 334 334 335 335 336 336 337 337 338 338 339 339 340 340 341 341 342 342 343 343 344 344 345 345 346 346 347 347 348 348 349 349 
350 350 351 351 352 352 353 353 354 354 355 355 356 356 356 357 357 358 358 359 359 359 360 360 361 361 362 362 363 363 364 364 365 365 366 366 367 367 368 368 369 369 370 370 371 371 372 372 373 373 
374 374 375 375 376 376 376 377 377 378 378 378 379 380 380 380 381 381 382 382 383 383 384 384 385 385 386 386 387 387 388 388 389 389 390 390 392 392 393 393 394 394 395 396 396 397 398 398 399 399 
400 401 401 401 402 402 403 404 405 405 406 406 407 407 408 408 409 409 410 410 410 411 412 412 413 413 413 414 414 415 415 416 417 417 417 418 418 419 419 420 420 420 421 421 422 422 423 423 424 424 
425 425 426 426 427 427 428 428 429 429 430 430 431 431 432 432 432 433 433 434 434 435 435 435 436 436 437 437 438 438 439 439 440 440 441 441 442 442 443 443 444 444 445 445 446 446 447 447 448 448 
449 449 450 450 451 451 452 452 453 453 454 454 455 455 456 456 457 457 458 458 459 459 460 460 461 461 462 462 463 463 464 464 465 465 466 466 467 467 468 468 469 469 470 470 471 471 472 472 473 473 
474 474 475 475 476 476 477 477 478 478 479 479 480 480 481 481 482 482 483 483 484 485 485 486 486 487 487 488 488 489 489 490 490 491 491 492 492 493 493 494 494 495 495 496 496 497 497 497 498 498 
499 499 500 500 501 501 502 502 503 504 504 505 505 506 506 507 507 508 508 509 509 510 511 511 512 512 513 513 514 514 515 515 516 516 517 517 518 518 519 519 520 520 521 521 522 522 523 523 524 524 
525 525 526 526 527 527 528 528 529 529 530 530 531 531 532 532 533 533 534 534 535 535 536 537 537 538 538 539 539 540 541 541 542 542 543 543 544 544 545 545 546 546 547 547 548 548 549 549 550 550 
551 551 552 552 553 553 554 554 555 555 556 556 557 557 558 558 559 559 560 561 561 562 562 563 563 564 565 565 566 566 567 567 568 568 569 569 570 570 571 571 572 572 573 573 574 575 576 576 577 577 
578 578 579 579 580 580 581 581 582 582 583 584 584 585 585 586 586 587 588 588 589 589 590 590 591 591 592 592 593 593 594 594 595 595 596 596 597 597 598 598 599 599 600 600 601 601 602 603 604 
604

# 2, 1800
220 220 221 221 222 222 223 223 224 224 225 225 225 226 226 226 227 227 228 228 229 229 230 230 231 231 232 232 232 233 233 233 234 234 235 235 236 236 237 237 238 238 239 239 239 240 240 241 241 241 
242 242 243 243 244 244 245 245 246 246 246 247 247 247 248 248 249 249 250 250 251 251 252 252 252 253 253 254 254 254 255 255 256 256 257 257 258 258 259 259 260 260 260 261 261 261 262 262 263 263 
264 264 265 265 266 266 266 267 267 267 268 268 269 269 270 270 271 271 272 272 273 273 274 274 275 275 275 276 276 277 278 278 278 279 279 280 280 281 281 281 282 282 283 283 284 284 285 285 286 286 
287 287 288 288 289 289 290 290 291 291 292 292 293 293 293 294 294 294 295 295 296 296 297 297 298 298 299 299 300 300 301 301 302 302 303 303 304 304 305 305 306 306 306 307 307 307 308 308 309 309 
310 310 311 311 312 312 313 313 314 314 315 315 316 316 317 317 317 318 318 319 319 319 320 320 321 321 322 322 323 323 324 324 325 325 326 326 327 327 328 328 328 329 329 330 330 331 331 331 332 332 
333 333 334 334 335 335 336 336 337 337 338 338 339 339 340 340 340 341 341 342 342 342 343 343 344 344 345 345 346 346 347 347 348 348 349 349 350 350 351 351 352 352 353 353 353 354 354 355 355 355 
356 356 357 357 358 358 359 359 360 360 361 361 362 362 363 363 364 364 365 365 366 366 367 367 368 368 369 369 370 370 371 371 371 372 373 373 374 374 375 375 376 376 376 377 377 377 378 378 379 379 
380 380 381 381 382 382 383 383 384 384 385 385 386 386 386 387 387 388 388 388 389 389 390 390 391 391 392 392 393 393 394 394 395 395 396 396 397 397 397 398 399 399 399 400 400 400 401 401 402 402 
403 403 404 404 405 405 406 406 406 407 408 408 408 409 409 410 410 411 411 412 412 412 413 413 414 414 415 416 416 416 417 418 418 419 419 420 420 421 421 422 422 422 423 423 424 424 425 425 426 426 
426 427 427 428 428 429 429 430 430 431 431 432 432 433 433 434 434 436 436 437 437 438 438 439 439 439 440 440 441 441 442 442 443 443 444 444 445 445 446 446 446 447 447 448 448 449 450 450 451 451 
451 452 452 453 453 454 454 455 455 456 456 457 457 458 458 459 459 460 460 461 461 462 462 463 463 464 464 465 465 466 466 467 467 468 468 468 469 469 470 470 470 471 471 472 472 473 473 474 475 475 
476 476 477 477 477 478 478 479 479 480 480 481 481 482 482 483 483 484 484 485 485 486 486 487 487 488 488 489 489 490 490 491 491 492 492 493 493 494 494 495 495 496 496 497 497 498 498 499 499 500 
500 501 501 502 502 503 503 504 504 505 505 506 506 507 507 508 508 509 509 510 510 511 511 512 512 513 513 514 514 515 516 517 517 518 518 519 519 520 520 521 521 522 522 523 523 524 524 525 525 526 
527 528 528 529 529 530 530 531 531 532 532 533 533 534 534 535 535 536 536 537 537 538 538 539 539 540 540 541 541 542 542 543 543 544 544 545 545 546 546 547 547 548 548 549 549 550 550 551 551 552 
552 553 553 554 554 555 555 556 556 557 557 558 559 559 560 560 561 561 562 562 563 563 564 564 565 566 566 567 567 568 568 569 569 570 570 571 571 572 572 573 573 574 574 575 575 576 576 577 577 578 
578 579 579 580 581 581 582 582 583 583 584 584 585 586 586 587 587 588 588 589 589 590 590 591 591 592 592 593 593 594 594 595 595 596 596 597 597 598 598 599 599 601 601 602 602 603 603 604 604 605 
605 606 606 608 608 609 609 610 610 611 611 612 612 613 613 614 614 615 616 616 617 617 618 619 619 620 620 621 621 622 622 623 623 624 624 625 626 627 627 628 628 629 629 630 630 631 631 632 632 633 
633 634 635 635 636 636 637 637 638 639 639 640 640 641 641 642 642 643 643 644 645 646 646 647 647 648 648 649 649 650 650 651 651 652 653 653 654 655 655 656 656 657 657 658 658 659 659 660 661 
661

# 2, 2000
270 270 271 271 272 272 273 273 274 274 275 275 275 276 276 277 277 277 278 278 279 279 280 280 281 281 282 282 283 283 284 284 285 285 286 286 287 287 288 288 289 289 290 290 290 291 291 292 292 292 
293 293 294 294 295 295 296 296 297 297 298 298 298 299 299 299 300 300 301 301 302 302 303 303 304 304 305 305 305 306 306 306 307 307 308 308 309 309 310 311 311 312 312 313 313 313 314 314 315 315 
315 316 316 317 317 318 318 319 319 320 320 321 321 322 322 322 323 323 324 324 325 325 326 326 327 327 328 328 328 329 329 330 330 331 331 332 332 333 333 334 334 335 335 336 336 337 337 338 338 339 
339 340 340 341 341 342 342 342 343 343 343 344 344 345 345 346 346 347 347 348 348 349 349 350 350 350 351 351 352 352 352 353 353 354 354 355 355 356 356 357 357 358 358 359 359 360 360 360 361 361 
362 362 363 363 363 364 364 365 365 366 366 367 367 368 368 369 369 370 370 371 371 372 372 372 373 373 373 374 374 375 375 376 376 377 377 378 378 379 379 379 380 380 381 381 382 382 383 383 384 384 
385 385 386 386 387 387 387 388 388 389 392 392 393 393 394 394 395 395 396 396 397 397 398 398 399 399 399 400 401 401 401 402 402 403 403 404 404 405 406 406 407 407 408 408 409 409 410 410 411 411 
412 412 413 413 414 414 415 415 416 416 417 417 418 418 419 419 420 420 421 421 422 422 423 423 424 425 425 425 426 426 427 428 428 428 430 430 431 432 433 433 435 435 436 436 438 438 439 439 440 441 
441 442 442 443 443 443 444 444 445 445 446 446 447 447 448 448 449 449 450 450 451 451 451 452 452 453 453 453 454 454 455 455 456 456 457 457 458 458 459 459 460 460 461 461 461 462 462 463 463 463 
464 464 465 465 466 466 467 467 468 468 469 469 470 470 470 471 471 471 473 473 473 474 474 475 475 476 476 476 477 477 478 478 479 479 480 480 481 481 482 482 483 483 484 484 484 485 485 486 486 487 
487 488 488 488 489 489 490 490 491 491 492 492 493 493 494 494 495 495 496 496 497 497 498 498 499 499 499 500 501 501 502 502 503 503 504 504 505 505 506 506 506 507 507 508 508 509 509 510 510 511 
511 511 512 512 513 513 514 514 515 515 516 516 517 517 518 518 519 519 520 520 521 521 522 522 523 523 524 524 525 525 526 526 527 527 528 528 529 529 530 530 531 532 532 533 533 534 534 535 535 536 
536 537 537 538 538 539 539 539 540 541 541 541 542 542 543 543 544 544 545 545 546 546 547 547 548 548 549 549 550 550 551 551 552 552 553 553 554 554 555 555 556 556 557 557 558 558 559 559 560 560 
561 561 562 562 563 563 564 564 565 565 566 566 567 567 568 568 569 569 570 570 571 571 572 572 573 573 574 574 575 576 576 577 577 578 578 579 579 579 580 580 581 581 582 582 583 583 584 584 585 585 
586 586 587 587 588 588 589 589 590 590 591 591 592 592 593 593 594 595 595 596 596 597 597 598 598 599 600 600 601 601 602 602 603 603 604 604 605 605 606 606 607 607 607 608 608 609 609 610 610 611 
611 612 612 613 613 614 614 615 615 616 616 617 618 618 619 619 620 620 621 621 622 622 623 623 624 624 625 625 626 626 627 627 628 628 629 629 630 630 631 631 632 632 633 633 634 634 635 635 636 636 
637 637 638 638 639 639 640 640 641 641 642 642 643 643 644 644 645 645 646 646 647 647 648 648 649 650 650 651 651 652 652 653 653 654 654 655 655 656 656 657 657 658 658 659 659 660 660 661 661 662 
662 663 663 664 664 665 665 666 666 667 667 668 668 669 669 670 670 671 671 672 672 673 673 674 674 675 675 676 676 677 677 678 678 679 680 680 681 681 682 682 683 683 684 685 685 686 686 687 687 688 
688 689 689 690 690 691 691 692 692 693 693 694 694 695 695 696 697 697 698 699 699 700 700 701 701 702 702 703 703 704 704 705 705 706 706 707 707 708 708 709 709 710 710 712 712 713 713 714 714 715 
715 716 716 717 717 718 718 719 719 720 720 721 721 722 723 723 724 725 725 726 726 727 727 728 728 729 729 730 731 731 732 732 733 733 734 735 735 736 736 737 737 738 738 739 739 740 740 741 741 742 
743 744 744 745 745 746 746 747 748 749 749 750 750 752 752 754 754 756 756 758 758 762 762 763 764 769 769 773 773 775 775 778 778 782 782 783 783 784 784 785 785 786 787 788 788 789 789 790 790 
791


# 2, 2200
272 272 273 273 274 274 275 275 276 276 277 277 278 278 278 278 279 279 280 280 281 281 282 282 283 283 284 284 284 285 285 285 286 286 287 287 288 288 289 289 290 290 291 291 292 292 292 293 293 293 
294 294 295 295 296 296 297 297 297 298 298 299 299 300 300 300 301 301 302 302 303 303 304 304 305 305 306 306 306 307 307 307 308 308 309 309 310 310 311 311 312 312 313 313 314 314 315 315 315 316 
316 316 317 317 318 318 319 319 320 320 321 321 322 322 323 323 324 324 324 325 325 326 326 326 327 327 328 328 329 329 330 330 331 331 332 332 332 333 334 334 335 335 335 336 336 336 337 337 338 338 
339 339 340 340 341 341 341 342 342 343 343 344 344 345 345 345 346 346 347 347 348 348 349 349 350 350 351 351 351 352 352 353 354 354 354 355 355 355 356 356 357 357 358 358 359 359 360 360 361 361 
362 362 362 363 363 363 364 364 365 365 366 366 367 368 369 369 370 370 371 371 371 372 372 373 373 374 374 374 375 375 376 376 377 377 378 378 379 379 380 380 381 381 382 382 383 383 384 384 385 385 
386 386 386 387 387 388 388 388 389 389 390 390 391 391 392 392 393 393 394 394 395 395 396 396 397 397 398 398 399 399 400 400 401 401 402 402 403 403 404 404 405 405 405 406 406 407 407 407 408 408 
409 409 410 410 411 411 412 412 413 413 414 414 415 415 415 416 417 417 418 418 418 419 419 420 420 421 421 421 422 422 423 423 424 424 425 425 426 426 427 427 428 428 429 429 430 430 431 431 432 432 
432 433 433 433 434 434 435 435 436 437 438 438 438 439 439 440 440 441 441 442 442 443 443 444 444 444 445 445 446 446 447 447 448 448 449 449 451 451 452 452 453 453 454 454 455 455 456 456 457 457 
458 458 459 459 460 460 461 461 462 462 463 463 464 464 465 465 466 466 467 468 468 469 469 470 470 471 471 471 472 472 473 473 474 474 475 475 476 476 477 477 478 478 479 479 480 480 481 481 482 482 
483 483 484 484 485 485 486 486 487 487 488 488 489 489 490 490 491 491 492 492 493 493 494 494 495 495 495 496 496 497 497 498 498 499 499 500 501 501 502 502 503 503 504 504 505 505 506 506 507 507 
507 508 508 509 509 510 510 511 511 512 512 512 513 514 514 515 515 516 516 517 517 517 518 518 519 519 520 520 521 521 522 522 523 523 524 524 525 526 526 527 527 528 528 529 529 530 530 531 531 532 
532 533 534 534 535 535 535 536 537 537 538 538 539 539 540 540 541 541 542 542 542 543 544 544 544 545 546 546 547 547 548 548 549 549 550 550 551 551 552 552 553 553 554 554 555 555 556 556 557 557 
558 558 559 559 560 560 561 561 561 562 563 563 564 564 565 565 566 566 567 567 568 568 569 569 570 570 571 571 572 572 573 573 574 574 575 575 576 576 577 577 578 578 579 579 580 580 580 581 582 582 
583 583 584 584 585 585 586 586 587 587 588 588 589 589 590 590 591 591 592 592 593 593 594 594 595 595 596 596 597 597 598 598 599 599 600 600 601 601 602 602 603 603 604 604 605 605 605 606 607 607 
608 608 609 609 610 610 611 611 612 612 613 613 614 614 615 615 616 616 617 617 618 618 619 619 620 620 621 621 622 622 623 624 625 625 626 626 627 627 628 628 629 629 630 630 631 631 632 632 633 633 
634 634 635 635 636 636 637 637 638 638 639 639 640 640 641 641 642 642 643 643 644 644 645 645 646 647 647 647 648 649 649 650 650 651 651 652 652 652 653 654 654 654 655 655 656 656 657 658 658 659 
659 660 660 661 661 662 662 663 664 664 665 665 666 666 667 667 668 668 669 669 670 670 671 671 672 672 673 673 674 674 675 675 676 676 677 677 678 678 679 679 680 680 681 681 682 682 683 684 684 685 
685 686 687 687 688 688 689 689 690 690 691 691 692 692 693 693 694 694 695 695 696 696 697 697 698 698 699 699 700 700 701 701 702 702 703 703 704 704 705 705 706 706 707 707 708 709 709 710 710 711 
712 712 713 713 714 714 715 715 716 716 717 717 718 718 719 719 720 720 721 721 722 722 723 723 724 724 725 725 726 726 727 727 728 728 729 729 730 731 731 732 733 733 734 734 735 735 736 736 737 737 
738 738 739 739 740 740 741 741 742 742 743 743 744 744 745 745 746 747 749 749 750 750 751 751 752 753 754 754 755 755 756 756 757 757 758 759 760 760 766 766 772 772 774 774 777 778 786 786 790 790 
800 800 805 805 810 810 814 814 820 820 832 832 839 839 847 848 854 854 855 855 856 857 858 858 859 859 860 860 861 861 863 863 864 864 865 866 867 867 868 868 869 869 870 870 871 871 872 872 873 874 
875 875 876 876 877 877 878 878 879 879 880 881 882 882 883 883 884 884 885 885 886 886 887 887 888 888 889 890 890 891 892 892 893 893 894 894 895 895 896 896 897 898 899 899 900 900 901 901 902 
902


# 2, 2400
300 300 300 301 301 302 302 302 303 304 304 304 305 305 306 306 307 307 308 308 309 309 310 310 310 311 311 312 312 312 313 313 314 314 315 315 316 316 317 317 318 318 319 319 320 320 321 321 322 322 
323 323 324 324 325 325 326 326 326 327 327 328 328 328 329 329 330 330 331 332 332 332 333 333 334 334 335 335 336 336 337 337 338 338 339 339 340 340 341 341 342 342 343 343 344 344 345 345 346 346 
347 347 348 348 349 349 349 350 350 351 351 351 352 352 353 353 354 354 355 355 356 356 357 357 358 358 359 359 360 360 361 361 362 362 362 363 363 364 364 365 365 366 366 367 367 368 368 368 369 369 
370 370 371 371 372 372 373 373 374 374 375 375 375 376 376 377 377 378 379 379 380 380 381 381 381 382 382 382 383 383 384 385 385 386 386 387 387 388 388 388 389 389 390 390 391 391 392 393 393 394 
394 395 395 396 396 397 397 398 398 399 400 400 401 401 401 402 402 403 403 404 404 405 405 406 406 407 407 408 408 409 409 410 410 411 411 412 412 413 413 414 414 415 415 416 416 417 417 418 418 419 
419 420 420 421 421 422 422 423 423 424 424 425 425 427 427 428 428 429 429 430 430 431 431 432 432 433 433 434 434 435 435 436 436 437 437 438 438 439 439 440 440 441 441 442 442 443 443 444 444 445 
445 446 446 447 447 448 448 449 449 450 450 451 451 452 452 453 453 454 454 455 455 456 456 457 457 458 458 459 459 460 460 461 461 462 462 463 463 464 464 465 465 466 466 467 467 468 468 468 469 469 
470 470 471 471 472 472 472 473 473 474 474 475 476 476 476 477 477 478 478 479 479 480 480 481 481 482 482 483 483 484 484 485 485 486 486 487 487 488 488 489 489 490 490 491 491 492 492 493 493 494 
494 495 495 496 496 497 497 498 498 499 499 500 500 501 501 502 502 503 503 504 504 505 505 506 506 507 507 508 508 509 509 510 510 511 511 512 512 513 513 514 514 515 515 516 516 517 517 518 518 519 
519 520 520 521 521 522 522 523 523 524 524 525 525 526 526 527 527 528 528 529 529 530 530 531 531 532 532 533 533 534 534 535 535 536 536 537 537 538 538 539 539 540 540 541 542 543 543 544 544 545 
545 546 546 548 548 549 549 550 550 551 551 552 552 553 553 554 554 555 555 556 556 557 557 558 558 559 559 560 561 561 562 562 563 563 564 565 565 566 566 567 567 568 568 569 569 570 570 571 571 573 
573 574 574 575 575 576 576 577 577 578 578 580 580 580 581 582 582 583 583 584 584 585 585 586 586 587 587 588 588 589 589 590 590 591 591 592 592 593 593 594 594 595 595 596 597 597 598 598 599 599 
600 600 601 602 602 603 603 604 604 605 605 606 606 607 607 608 608 609 609 610 610 611 612 613 613 614 614 615 615 616 616 618 618 619 619 620 620 621 621 622 622 623 623 624 624 625 625 626 626 627 
627 628 628 629 629 630 630 631 631 632 632 633 633 634 634 635 635 636 637 637 638 638 639 640 640 641 641 642 642 643 643 644 644 645 645 646 646 647 647 648 648 649 649 650 650 651 651 652 652 653 
653 654 654 655 656 656 657 657 658 659 659 660 660 661 661 662 662 663 663 664 664 665 665 666 666 667 667 668 668 669 669 670 671 671 672 672 673 674 674 675 675 676 676 677 677 678 678 679 679 680 
680 681 681 682 682 683 683 684 685 685 686 686 687 688 688 689 689 690 690 691 691 692 692 693 693 694 694 695 695 696 696 697 698 698 699 700 700 701 701 702 702 703 703 704 704 705 705 706 706 707 
707 708 708 709 710 710 711 712 712 713 713 714 714 715 715 716 716 717 717 718 718 719 719 720 720 721 721 722 723 723 724 724 725 725 726 726 727 728 728 729 729 730 730 731 731 732 732 733 733 735 
735 736 736 737 737 738 738 739 739 740 740 741 741 742 742 743 743 744 744 745 746 746 747 748 748 749 749 750 750 751 751 752 752 753 753 754 754 755 755 756 756 757 757 758 758 759 759 760 760 761 
761 762 763 763 764 765 765 766 766 767 767 768 768 769 769 770 770 771 771 773 773 774 774 775 775 777 777 778 778 779 779 780 781 782 782 784 784 785 785 786 786 787 788 789 789 790 790 791 792 793 
793 794 795 796 796 797 797 799 799 800 800 801 802 803 803 804 805 806 806 807 807 809 809 810 810 811 811 812 812 813 813 814 814 816 816 817 817 818 818 819 819 820 821 822 822 823 823 824 824 825 
825 826 826 827 827 828 829 830 830 831 831 832 832 833 834 835 835 836 836 837 837 838 838 839 840 841 841 842 842 843 843 844 845 846 846 847 848 849 849 850 850 851 851 852 852 853 853 854 855 855 
856 857 857 858 858 859 859 860 860 861 861 862 863 864 864 865 865 866 866 867 867 868 868 869 870 871 871 872 872 873 873 874 874 875 875 877 877 878 878 880 880 881 881 882 882 883 884 885 885 886 
886 887 887 888 888 889 889 890 891 892 892 893 893 894 894 895 896 897 897 898 898 899 899 900 900 901 901 902 903 904 904 905 905 906 906 907 907 908 908 909 910 910 911 912 912 913 913 914 914 915 
915 916 917 918 918 919 919 920 920 921 921 922 922 923 924 924 925 926 926 927 927 928 928 929 929 930 930 931 932 933 933 934 934 935 935 936 937 938 938 939 939 940 940 941 941 942 943 944 944 
944

# 2, 2600
324 325 325 325 326 326 327 327 328 328 329 329 330 330 331 331 332 332 333 333 333 334 335 335 335 336 336 337 337 337 338 338 339 339 340 340 341 341 342 342 343 343 344 344 345 345 346 346 347 347 
348 348 349 349 350 350 351 351 352 352 353 353 354 354 355 355 356 356 356 357 357 358 358 359 359 360 360 360 361 361 362 362 363 363 364 364 365 365 366 366 367 367 368 368 368 369 369 370 370 370 
371 371 372 372 373 373 374 374 375 375 376 376 377 377 378 378 379 379 380 380 380 381 381 382 382 383 383 383 384 384 385 385 386 386 387 387 388 388 390 390 391 391 391 392 392 393 393 393 394 394 
395 395 396 396 397 397 398 398 399 399 400 400 401 401 401 402 402 403 403 404 404 405 405 405 406 406 407 407 408 408 409 409 410 410 411 411 412 412 413 413 414 414 415 415 416 416 417 417 418 418 
419 419 420 420 420 421 421 422 422 422 423 423 424 425 425 426 426 426 427 427 428 428 429 429 430 430 431 431 432 432 433 433 434 434 435 435 436 436 437 437 438 438 439 439 440 440 441 441 442 442 
443 443 444 444 445 445 445 446 446 447 447 448 448 449 449 450 450 451 451 452 452 453 453 453 454 454 455 455 456 456 457 457 458 458 459 459 460 460 461 461 462 462 463 463 464 464 465 465 466 466 
467 467 468 468 469 469 470 470 471 471 472 472 473 473 474 474 475 475 476 476 477 477 478 478 479 479 480 480 481 481 482 482 483 483 484 484 485 485 486 486 487 487 488 488 489 489 489 490 490 491 
491 491 492 492 493 493 494 494 495 495 496 496 497 497 498 498 499 499 500 500 501 501 502 502 503 503 504 504 505 505 505 506 507 507 508 508 508 509 510 510 511 511 511 512 512 512 513 513 514 514 
515 516 516 517 517 518 519 519 520 520 521 521 522 522 523 523 524 524 525 525 526 526 527 527 528 528 529 529 530 530 531 531 532 532 533 533 534 534 535 535 536 536 537 537 538 538 539 539 540 540 
541 541 542 542 543 543 544 544 545 545 546 546 547 548 548 549 550 550 551 551 552 552 553 553 554 554 555 555 556 556 557 557 558 558 559 559 560 560 561 561 562 563 563 564 564 565 566 566 567 567 
568 568 569 569 570 570 571 571 572 572 573 573 574 574 575 575 576 576 577 577 578 578 579 579 580 580 581 581 582 582 583 583 584 584 585 585 586 586 587 587 588 588 589 589 590 590 591 592 592 593 
593 594 594 595 595 596 596 597 598 598 599 599 600 600 601 601 602 602 603 603 604 604 605 605 606 606 607 607 608 609 609 610 610 611 611 612 613 613 613 614 614 615 616 616 617 617 618 618 619 619 
620 620 621 621 622 622 623 623 624 624 625 625 626 626 627 627 628 628 629 629 630 630 631 632 632 633 633 634 635 635 636 636 637 637 638 638 639 639 640 640 641 641 642 642 643 643 644 644 645 646 
646 647 647 648 648 649 650 650 651 651 652 652 653 653 654 654 655 655 656 656 657 657 658 658 659 659 660 661 661 662 662 663 664 664 665 665 666 666 667 667 668 668 669 669 670 670 671 671 672 672 
673 673 674 675 675 676 676 677 677 678 679 679 680 680 681 681 682 682 683 683 684 684 685 685 686 686 687 687 688 688 689 689 690 691 691 692 692 693 694 694 695 695 696 696 697 697 698 698 699 699 
700 700 701 701 702 702 703 703 704 705 706 706 707 707 708 708 709 709 710 710 711 711 712 712 713 713 714 714 715 716 716 717 718 718 719 719 720 720 721 721 722 722 723 723 724 724 725 725 726 726 
727 727 728 729 729 730 731 731 732 732 733 733 734 734 735 735 736 736 737 737 738 739 740 740 741 741 742 742 743 743 744 744 745 745 746 746 747 747 748 748 749 749 750 751 751 752 753 753 754 754 
755 755 756 756 757 757 758 758 759 759 760 760 761 761 762 763 764 764 765 765 766 766 767 767 768 768 769 769 770 770 771 771 772 772 773 774 774 775 776 776 777 777 778 778 779 779 780 780 781 781 
782 782 783 784 785 785 786 786 787 787 788 788 789 789 790 790 791 791 792 792 793 794 795 795 796 796 797 797 798 798 799 799 800 800 801 801 802 802 803 803 804 805 805 806 806 807 808 808 809 809 
810 810 811 811 812 812 813 813 814 814 815 816 817 817 818 818 819 819 820 820 821 821 822 822 823 823 824 824 825 826 826 827 828 828 829 829 830 830 831 831 832 832 833 833 834 834 835 836 836 837 
838 838 839 839 840 840 841 841 842 842 843 843 844 845 845 846 847 847 848 848 849 849 850 850 851 852 852 853 854 854 855 855 856 856 857 857 858 858 859 859 860 860 861 861 862 863 864 864 865 865 
866 866 867 867 868 868 869 869 870 871 871 872 873 873 874 874 876 876 877 877 879 879 880 880 881 881 882 882 883 883 884 884 885 886 886 887 888 888 889 889 890 890 891 891 892 892 893 894 895 895 
896 896 897 897 898 898 899 899 900 901 902 902 903 903 904 904 905 905 906 906 907 908 908 909 910 910 911 911 912 912 913 913 914 914 915 915 917 917 918 918 919 919 920 920 921 921 922 923 924 924 
925 925 926 926 927 927 928 928 929 930 931 931 932 932 933 933 934 934 935 935 937 937 938 938 939 939 940 940 941 941 942 942 943 943 944 945 946 946 947 947 948 948 949 949 950 951 951 952 953 953 
954 954 955 955 956 956 957 957 958 958 959 960 961 961 962 962 963 963 964 965 965 966 967 967 968 968 969 969 970 970 971 971 972 973 974 975 976 976 977 977 978 978 979 979 980 981 982 982 983 983 
984 984 985 985 986 986 987 987 988 989 990 990 991 991 992 992 993 993 994 994 995 995 996 997 997 998 999 999 1000 1000 1001 1001 1002 1002 1003 1004 1005 1005 1006 1006 1007 1007 1008 1008 1009 1009 1010 1011 1012 
1012

# 2, 2800
359 359 360 360 361 361 362 362 363 363 364 364 365 365 366 366 367 367 368 368 369 369 370 370 370 371 372 372 372 373 373 373 374 374 375 375 376 376 377 377 378 378 379 379 380 380 380 381 381 381 
382 382 383 383 384 384 385 385 386 386 387 387 387 388 388 388 389 389 390 390 391 391 392 392 393 393 394 394 395 395 395 396 396 396 397 397 398 398 399 399 400 400 401 401 402 402 403 403 403 404 
404 404 405 405 406 406 407 407 408 408 409 409 410 410 411 411 412 412 413 413 413 414 414 414 415 415 416 416 417 417 418 418 419 419 420 420 421 421 422 422 423 423 423 424 424 425 425 425 426 426 
427 427 428 428 429 429 430 430 431 431 432 432 432 433 433 434 434 434 435 435 436 436 437 437 438 438 439 439 440 440 441 441 442 442 443 443 444 444 445 445 446 446 446 447 447 448 448 448 449 449 
450 450 451 451 452 452 453 453 454 454 455 455 456 456 457 457 458 458 459 459 459 460 460 460 461 461 462 462 463 463 464 464 465 465 466 466 467 467 468 468 469 469 470 470 471 471 471 472 472 473 
473 473 474 474 475 475 476 476 477 477 478 478 479 479 480 480 481 481 482 482 483 483 484 484 485 485 486 486 487 487 488 488 489 489 490 490 490 491 491 492 492 492 493 493 494 494 495 495 496 496 
497 497 498 498 499 499 500 500 501 501 502 502 503 503 504 504 506 506 507 507 508 508 508 509 509 510 511 511 512 513 514 514 515 515 516 516 517 517 518 518 519 519 520 520 521 521 522 522 523 523 
524 524 525 525 526 526 527 527 528 528 528 529 529 530 530 531 532 532 533 533 534 534 535 535 536 536 536 537 538 538 538 539 539 540 540 541 541 542 542 543 543 543 544 545 545 545 546 546 547 547 
548 548 549 549 550 550 551 551 552 552 553 553 554 554 555 555 556 556 557 557 558 558 559 559 560 560 561 561 562 562 563 563 564 564 565 565 566 566 567 567 568 568 569 569 570 570 571 571 572 572 
573 573 574 574 575 575 576 576 577 577 578 578 579 579 580 580 581 581 582 582 583 583 584 584 585 585 586 586 587 587 588 588 589 589 590 590 591 591 592 592 593 593 594 594 595 595 596 596 597 597 
598 598 599 599 600 600 601 601 602 602 603 603 604 604 605 605 606 606 607 607 608 608 609 609 609 610 610 611 611 612 613 613 613 614 615 615 616 616 617 617 618 618 619 619 619 620 621 621 621 622 
622 623 623 623 624 624 625 625 626 626 627 627 628 628 629 629 630 630 631 631 632 632 633 633 634 634 635 635 636 636 637 637 638 638 639 639 640 640 641 641 642 642 643 643 644 644 645 645 646 646 
647 647 648 648 649 650 651 651 651 652 653 653 654 654 655 655 655 656 656 657 657 658 658 659 659 660 660 661 661 662 662 663 663 663 664 665 665 665 666 666 667 667 668 668 669 669 670 670 671 671 
672 672 673 673 674 674 675 675 676 676 677 677 678 678 679 679 680 680 681 681 682 682 683 683 684 684 685 685 686 686 687 687 688 688 689 689 690 690 691 691 692 692 693 693 694 694 695 695 696 696 
697 697 698 698 699 699 700 700 701 701 702 702 703 703 703 704 704 705 705 706 706 707 707 708 708 709 709 710 710 711 711 712 712 713 713 714 714 715 715 716 716 717 717 718 718 719 720 720 720 721 
722 722 723 723 724 724 725 725 726 726 727 727 728 728 729 729 730 730 731 731 732 732 733 733 734 734 735 735 736 736 737 737 738 739 740 740 741 741 742 742 743 743 744 744 745 745 746 746 747 747 
748 748 749 749 750 750 751 751 752 752 753 753 754 754 755 755 756 756 757 757 758 758 759 759 760 761 762 762 763 763 764 764 765 765 765 766 766 767 768 768 769 769 770 771 772 772 773 773 774 774 
775 775 776 776 777 777 778 778 779 779 780 781 781 782 782 783 784 784 785 785 786 786 787 787 788 788 789 789 790 790 791 791 792 792 793 793 794 794 795 795 796 796 797 797 798 799 799 800 800 801 
801 802 803 803 804 804 805 805 806 806 808 808 809 809 810 810 811 811 812 812 813 814 815 815 816 816 817 817 818 818 819 819 820 820 821 821 822 822 823 823 824 824 825 825 826 826 827 828 828 829 
830 830 831 831 832 832 833 833 834 834 835 835 836 836 837 837 838 839 839 840 841 841 842 842 843 843 844 844 845 845 846 846 847 847 848 848 849 850 850 851 851 852 853 853 854 854 855 855 856 856 
857 857 858 858 859 859 860 860 861 861 862 863 864 864 865 865 866 866 867 867 868 868 869 869 870 871 872 872 873 873 874 874 875 875 876 876 877 877 878 878 879 879 880 880 881 881 882 882 883 883 
884 884 885 885 886 887 887 888 888 889 890 890 891 891 892 892 893 893 894 894 895 895 896 896 897 897 898 899 899 900 900 901 902 902 903 903 904 904 905 906 907 907 908 908 909 909 910 910 911 911 
912 913 913 914 915 915 916 916 917 917 920 920 923 924 925 925 926 926 927 927 928 928 929 929 930 930 931 931 932 932 933 934 934 935 935 936 937 937 938 938 939 939 940 940 941 941 942 942 943 943 
944 945 946 946 947 947 948 948 949 949 950 950 951 952 953 953 954 954 955 955 956 957 958 958 959 959 960 960 961 961 962 962 963 964 965 965 966 966 967 967 969 969 970 970 971 971 972 972 974 974 
975 976 977 977 978 978 979 979 980 980 981 981 982 982 983 984 985 985 986 986 987 987 988 988 989 989 990 990 991 991 992 993 994 994 995 995 996 996 997 997 998 998 999 1000 1001 1001 1002 1002 1003 1003 
1004 1004 1005 1005 1006 1007 1007 1008 1009 1009 1010 1010 1011 1011 1012 1012 1013 1014 1015 1015 1016 1016 1017 1017 1018 1018 1019 1019 1020 1020 1021 1021 1022 1023 1024 1024 1025 1025 1026 1026 1027 1027 1028 1028 1029 1030 1030 1031 1032 1032 
1033 1033 1034 1034 1035 1035 1036 1036 1037 1038 1039 1039 1040 1040 1042 1042 1043 1043 1044 1044 1045 1045 1046 1047 1048 1048 1049 1049 1050 1050 1051 1051 1052 1052 1053 1053 1054 1054 1055 1056 1057 1057 1058 1058 1059 1059 1060 1060 1061 1062 
1062 1063 1064 1064 1065 1065 1066 1066 1067 1067 1068 1068 1069 1070 1071 1071 1072 1072 1073 1073 1074 1074 1075 1075 1076 1077 1078 1078 1079 1079 1080 1080 1081 1081 1082 1082 1083 1083 1084 1085 1086 1086 1087 1087 1088 1088 1089 1089 1090 
1090

# 2, 3000
382 382 383 383 384 384 385 385 386 386 387 387 388 388 388 389 389 390 390 391 391 391 392 392 393 393 394 394 394 395 395 396 396 397 397 398 398 399 399 400 400 401 401 402 402 403 403 403 404 404 
404 405 405 406 406 407 407 408 408 409 409 410 410 411 411 411 412 412 412 413 413 414 414 415 415 416 416 417 417 418 418 418 419 419 419 420 420 421 421 422 422 423 423 424 424 425 425 426 426 426 
427 427 427 428 428 429 429 430 430 431 431 432 432 433 433 433 434 434 435 435 435 436 436 437 437 438 438 439 439 440 440 441 441 441 442 442 443 443 444 444 444 445 445 446 446 447 447 448 448 449 
449 450 450 451 451 452 452 453 453 454 454 455 455 455 456 456 457 457 457 458 458 459 459 460 460 461 461 462 462 463 463 464 464 465 465 466 466 467 467 467 468 468 468 469 469 470 470 471 471 472 
472 473 473 474 474 475 475 476 476 477 477 478 478 479 479 480 480 481 481 481 482 482 483 483 483 484 484 485 485 486 486 487 487 488 488 489 489 490 490 491 491 492 492 493 493 494 494 495 495 496 
496 497 497 498 498 499 499 499 500 500 501 501 501 502 502 503 503 504 504 505 505 506 506 507 507 508 508 509 509 510 510 511 511 512 512 513 513 513 514 514 515 515 516 516 516 517 517 518 518 519 
519 520 520 521 521 522 522 523 523 524 524 525 525 526 526 526 527 527 527 528 528 529 529 530 530 531 531 532 532 533 533 534 534 535 535 536 536 537 537 538 538 539 539 540 540 541 541 541 542 542 
543 543 543 544 544 545 545 546 546 547 547 548 548 549 549 550 550 551 551 552 552 553 553 553 554 554 555 555 555 556 556 557 557 558 558 559 559 560 560 561 561 562 562 563 563 564 564 565 565 566 
566 566 567 567 568 568 568 569 569 570 570 571 571 572 572 573 573 574 574 575 575 576 576 577 577 578 578 578 579 579 580 580 581 581 582 582 583 583 583 584 584 585 585 586 586 587 587 588 588 589 
589 590 590 591 591 592 592 593 593 594 594 594 595 595 595 596 596 597 597 598 598 599 599 600 600 601 601 602 602 603 603 604 604 605 605 606 606 607 607 608 608 608 609 609 610 610 611 611 612 612 
613 613 614 614 615 615 616 616 617 617 618 618 619 619 619 620 620 621 621 622 622 622 623 623 624 624 625 625 626 626 627 627 628 628 629 629 630 630 631 631 632 632 632 633 633 634 634 635 635 636 
636 637 637 637 638 638 639 639 640 640 641 641 642 642 643 643 644 644 645 645 646 646 647 647 648 648 649 649 650 650 651 651 652 652 653 653 654 654 655 655 655 656 656 657 657 658 658 659 659 660 
660 661 661 662 662 663 663 664 664 665 665 666 666 667 667 668 668 669 669 670 670 671 671 672 672 673 673 674 674 675 675 676 676 677 677 678 678 679 680 681 681 682 682 683 683 684 684 684 685 686 
686 687 687 688 688 688 689 690 690 691 691 692 692 693 693 694 694 695 695 696 696 697 697 698 698 699 699 700 700 701 701 702 703 703 704 704 705 705 705 706 706 707 707 708 708 709 709 710 710 711 
711 712 712 713 713 714 714 715 715 716 716 717 717 718 718 719 719 720 720 721 721 722 722 723 723 724 724 725 725 726 726 727 727 728 728 729 729 730 730 731 731 732 732 733 734 734 735 735 736 737 
737 738 738 739 739 740 740 741 741 742 742 743 743 744 744 745 745 746 746 747 747 748 748 749 749 750 750 751 751 752 752 753 753 754 754 755 755 756 756 757 757 758 758 759 759 760 760 761 761 762 
762 763 763 764 764 765 765 767 767 768 768 769 769 770 770 771 771 772 772 773 773 774 774 775 775 776 777 778 778 779 779 780 780 781 781 782 782 783 783 784 784 785 785 786 786 787 787 788 788 789 
789 790 790 791 791 792 793 793 794 795 795 796 796 797 797 798 798 799 799 800 800 801 801 802 802 803 803 804 804 805 806 806 807 807 808 808 809 810 810 811 811 812 812 813 813 814 814 815 815 816 
816 817 817 818 818 819 819 820 821 821 822 823 823 824 824 825 825 826 826 827 827 828 828 829 829 830 830 831 831 832 833 833 834 834 835 836 836 837 837 838 838 839 839 840 840 841 841 842 843 843 
844 844 845 845 846 846 847 847 848 848 849 849 850 850 851 851 852 853 853 854 855 855 856 856 857 857 858 858 859 859 860 860 861 861 862 862 863 863 864 864 865 866 867 867 868 868 869 869 870 870 
871 871 872 872 873 873 874 874 875 876 877 877 878 878 879 879 881 881 882 882 883 883 884 884 885 885 886 887 887 887 888 889 889 890 891 891 892 892 893 893 894 894 895 895 896 896 897 897 898 898 
899 899 900 900 901 901 902 902 903 903 904 904 905 906 906 907 908 908 909 909 910 910 911 911 912 912 913 913 914 914 915 915 916 916 917 917 918 918 919 919 920 920 921 921 922 922 923 924 925 925 
926 926 927 927 928 928 929 929 930 930 931 931 932 932 933 933 934 934 935 935 936 937 937 938 939 939 940 940 941 941 942 942 943 943 944 944 945 945 946 946 947 947 948 949 949 950 951 951 952 952 
953 953 954 954 955 955 956 956 957 957 958 958 959 959 960 961 961 962 962 963 964 964 965 965 966 966 967 967 968 968 969 969 970 970 971 971 972 972 973 974 975 975 976 976 977 977 978 978 979 979 
980 980 981 981 982 982 983 983 984 984 985 986 986 987 987 988 989 989 990 990 991 991 992 992 993 993 994 994 995 995 996 996 997 997 998 998 999 999 1000 1000 1002 1002 1003 1003 1004 1004 1005 1005 1006 1006 
1007 1007 1008 1008 1009 1009 1010 1010 1011 1011 1012 1012 1013 1014 1015 1015 1016 1016 1017 1017 1018 1018 1019 1019 1020 1020 1021 1021 1022 1022 1023 1023 1024 1024 1025 1025 1026 1027 1028 1028 1029 1029 1030 1030 1031 1031 1032 1032 1033 1033 
1034 1034 1035 1036 1036 1037 1038 1038 1039 1039 1040 1041 1041 1042 1042 1043 1043 1044 1044 1045 1045 1046 1046 1047 1048 1048 1049 1050 1050 1051 1051 1052 1052 1053 1053 1054 1054 1055 1056 1056 1057 1058 1058 1059 1059 1060 1060 1061 1061 1062 
1062 1063 1064 1065 1065 1066 1066 1067 1067 1068 1069 1070 1070 1071 1071 1072 1072 1073 1074 1075 1075 1076 1076 1077 1077 1078 1078 1079 1080 1080 1081 1082 1082 1083 1083 1084 1084 1085 1085 1086 1087 1088 1088 1089 1089 1090 1090 1091 1092 1093 
1093 1094 1094 1095 1095 1096 1096 1097 1097 1098 1099 1100 1100 1101 1101 1102 1102 1103 1104 1105 1105 1106 1106 1107 1107 1108 1108 1109 1110 1111 1111 1112 1112 1113 1113 1114 1115 1116 1116 1117 1117 1118 1118 1119 1119 1120 1121 1121 1122 1123 
1123 1124 1124 1125 1125 1126 1126 1127 1128 1129 1129 1130 1130 1131 1131 1132 1132 1133 1134 1135 1135 1136 1136 1137 1137 1138 1138 1139 1140 1141 1141 1142 1142 1143 1143 1144 1144 1146 1146 1147 1147 1148 1148 1150 1150 1151 1151 1152 1152 
1153

# 2, 3200
383 383 383 384 384 385 385 385 386 386 387 387 388 388 389 389 390 390 391 391 391 392 392 392 393 393 394 394 395 395 396 396 397 397 398 398 399 399 400 400 400 401 401 402 402 402 403 404 404 405 
405 406 407 407 408 408 409 409 409 410 410 411 411 411 412 412 413 413 414 414 415 415 416 417 417 418 418 418 419 419 420 420 421 421 422 422 423 423 424 424 425 425 426 426 427 427 428 428 428 429 
429 429 430 430 431 431 432 432 433 433 434 434 435 435 436 436 437 437 438 438 439 439 439 440 440 441 441 441 442 442 444 444 444 445 445 446 446 447 447 448 448 448 449 450 450 450 451 451 452 452 
453 453 454 454 455 455 456 456 457 457 458 458 459 459 460 460 461 461 462 462 463 463 464 464 465 465 466 466 467 467 468 468 469 469 469 470 470 471 471 471 472 473 473 473 474 474 475 475 476 476 
477 477 478 478 479 479 480 480 480 481 481 482 482 482 483 483 484 484 485 485 486 486 487 487 488 488 489 489 490 490 491 491 492 492 493 493 494 494 495 495 496 496 496 497 498 498 498 499 499 500 
500 500 501 501 502 502 503 503 504 504 505 505 506 506 507 507 508 508 509 509 510 510 511 511 512 512 513 513 514 514 515 515 516 516 517 517 518 518 519 519 520 520 521 521 521 522 522 523 523 524 
524 525 525 525 526 526 527 527 528 528 529 529 530 530 531 531 532 532 533 533 534 534 535 535 536 536 537 537 538 538 539 539 540 540 541 541 542 542 543 543 544 544 545 545 546 546 547 547 548 548 
548 549 549 550 550 551 551 552 552 553 553 554 554 555 555 555 556 556 557 557 559 559 560 561 561 562 562 563 563 563 564 564 565 565 566 566 567 568 569 569 570 570 571 571 572 572 573 573 574 574 
575 575 576 576 577 577 578 578 579 580 580 581 581 582 582 583 584 584 585 585 586 586 587 587 588 588 589 589 590 590 591 591 592 592 593 593 594 595 595 596 596 597 597 598 598 599 599 600 600 601 
601 602 602 603 603 604 604 605 605 606 606 607 608 609 609 610 610 611 611 612 612 613 613 614 614 615 615 616 616 617 617 618 618 619 619 620 620 621 621 622 622 623 623 624 624 625 625 626 627 627 
628 628 629 629 630 630 631 631 631 632 633 633 634 634 635 637 637 638 638 639 639 640 640 641 641 642 642 643 644 644 645 645 646 646 647 647 647 648 648 649 649 650 650 651 651 652 652 653 654 654 
655 656 656 657 657 658 658 659 659 660 660 661 662 662 663 664 664 665 665 666 666 667 667 668 668 669 669 670 670 671 671 672 672 673 673 674 674 675 675 676 676 677 677 678 679 680 680 681 681 682 
683 683 684 684 685 685 686 686 687 687 688 688 689 690 690 691 691 692 692 693 693 694 694 695 696 696 697 697 698 698 699 699 700 700 700 701 701 702 702 703 703 704 704 705 705 706 706 707 708 709 
709 710 710 711 711 712 712 713 713 714 714 715 715 716 716 717 717 718 718 718 719 719 720 721 721 722 723 723 724 724 725 725 725 726 727 727 728 728 729 729 730 730 731 731 732 732 732 733 734 734 
735 735 736 736 737 737 738 738 739 739 740 740 741 741 742 742 743 743 744 744 745 746 746 747 747 747 748 749 749 750 751 751 752 752 753 753 754 755 756 756 757 757 758 758 759 759 760 760 761 761 
762 762 763 763 764 764 765 765 766 766 767 767 768 768 769 769 770 770 771 771 772 772 773 773 774 774 775 775 776 776 777 777 778 778 779 779 780 780 781 781 782 782 783 783 784 784 785 785 786 786 
787 787 788 789 789 790 790 791 791 792 793 793 794 794 795 795 796 796 797 797 798 798 799 799 800 800 801 801 802 802 803 803 804 804 805 805 806 806 807 807 808 808 809 809 810 810 811 811 812 812 
813 813 814 814 815 816 816 817 817 818 819 819 820 820 821 821 822 822 823 823 824 824 825 825 826 826 827 827 828 828 829 830 830 831 832 832 833 833 834 834 835 835 836 836 837 837 838 838 839 839 
840 840 841 841 842 843 844 844 845 845 846 846 847 847 848 849 849 850 850 851 852 852 853 853 854 854 855 855 856 856 857 857 858 858 859 859 860 860 861 862 862 863 864 864 865 865 866 866 867 867 
868 868 869 869 870 870 871 871 872 872 873 874 875 875 876 876 877 877 878 878 879 879 880 880 881 881 882 882 883 883 884 884 885 886 886 887 888 888 889 889 890 890 891 891 892 892 893 893 894 894 
895 895 896 897 897 898 898 899 900 900 901 901 902 902 903 903 904 904 905 905 906 906 907 907 908 909 910 910 911 911 912 912 913 913 914 914 915 915 916 917 918 918 919 920 921 921 922 922 923 923 
924 925 926 926 927 927 928 928 929 929 930 930 931 931 932 932 933 934 934 935 936 936 937 937 938 938 939 939 940 940 941 941 942 942 943 943 944 944 945 946 946 947 948 948 949 949 950 950 951 951 
952 952 953 953 954 954 955 956 956 957 958 958 959 959 960 960 961 961 962 962 963 964 964 965 966 966 967 967 968 968 969 969 970 970 971 971 972 972 973 973 974 974 975 975 976 976 978 978 979 979 
980 980 981 981 982 982 983 983 984 985 986 986 987 987 988 988 989 989 990 990 991 991 992 992 993 993 994 995 995 996 997 997 998 998 999 999 1000 1000 1001 1001 1002 1002 1003 1004 1004 1005 1006 1006 1007 1007 
1008 1008 1009 1009 1010 1010 1011 1011 1012 1013 1013 1014 1015 1015 1016 1016 1017 1017 1018 1018 1019 1019 1020 1020 1021 1021 1022 1022 1023 1024 1024 1025 1026 1026 1027 1027 1028 1028 1029 1029 1030 1030 1031 1031 1032 1032 1033 1033 1034 1035 
1036 1036 1037 1037 1038 1038 1039 1039 1040 1040 1041 1041 1042 1043 1044 1044 1045 1045 1046 1046 1047 1047 1048 1048 1049 1049 1050 1050 1051 1052 1053 1053 1054 1054 1055 1055 1056 1056 1057 1057 1058 1058 1059 1059 1060 1060 1061 1062 1062 1063 
1064 1064 1065 1065 1066 1066 1067 1067 1068 1068 1069 1069 1070 1070 1071 1072 1073 1073 1074 1074 1075 1075 1076 1076 1077 1077 1078 1078 1079 1079 1080 1080 1081 1082 1082 1083 1084 1084 1085 1085 1086 1086 1087 1087 1088 1088 1089 1089 1090 1091 
1091 1092 1093 1093 1094 1094 1095 1095 1096 1096 1097 1097 1098 1098 1099 1100 1100 1101 1102 1102 1103 1103 1104 1104 1105 1105 1106 1106 1107 1107 1108 1108 1109 1110 1111 1111 1112 1112 1113 1113 1114 1114 1115 1115 1116 1116 1117 1118 1119 1119 
1120 1120 1121 1121 1122 1122 1123 1123 1124 1124 1125 1126 1127 1127 1128 1128 1129 1129 1130 1130 1131 1131 1132 1132 1133 1134 1135 1135 1136 1136 1137 1137 1138 1138 1139 1139 1140 1140 1141 1142 1143 1143 1144 1144 1145 1145 1146 1146 1147 1148 
1148 1149 1150 1150 1151 1151 1152 1152 1153 1154 1155 1155 1156 1156 1157 1158 1158 1159 1160 1160 1161 1161 1162 1162 1163 1163 1164 1164 1165 1166 1167 1167 1168 1168 1169 1169 1170 1170 1171 1171 1172 1173 1174 1174 1175 1175 1176 1176 1177 1177 
1178 1179 1180 1180 1181 1181 1182 1182 1183 1183 1184 1184 1185 1186 1187 1187 1188 1188 1189 1189 1190 1190 1191 1191 1192 1193 1194 1194 1195 1195 1196 1196 1197 1197 1198 1199 1199 1200 1201 1201 1202 1202 1203 1203 1204 1204 1205 1205 1206 1207 
1208 1208 1209 1209 1210 1210 1211 1211 1212 1212 1213 1214 1215 1215 1216 1216 1217 1217 1218 1218 1219 1219 1220 1221 1222 1222 1223 1223 1224 1224 1225 1225 1226 1227 1228 1228 1229 1229 1230 1230 1231 1232 1233 1233 1234 1234 1235 1235 1236 
1236

# 2, 3400
409 409 410 410 411 411 412 412 413 413 413 414 414 414 415 415 416 416 417 417 418 418 419 419 420 420 421 421 421 422 422 422 423 423 424 424 425 425 426 426 427 427 428 428 429 429 429 430 430 430 
431 431 432 432 433 433 434 434 435 435 436 436 436 437 437 437 438 438 439 439 440 440 441 441 442 442 443 443 443 444 444 444 445 445 446 446 447 447 448 448 449 449 449 450 450 450 451 451 452 452 
453 454 455 455 455 456 456 457 457 457 458 458 459 459 460 460 461 461 462 462 462 463 463 463 464 464 465 465 466 466 467 467 468 468 469 469 470 470 471 471 471 472 472 472 473 473 474 474 475 475 
476 476 477 477 478 478 478 479 480 480 480 481 481 481 482 482 483 483 484 484 485 485 486 486 487 487 488 488 489 489 489 490 490 491 491 491 492 492 493 493 494 494 495 495 496 496 497 497 498 498 
499 499 499 500 500 500 501 501 502 502 503 503 504 504 505 505 506 506 506 507 507 508 508 508 509 509 510 510 511 511 512 512 513 513 514 514 515 515 516 516 516 517 517 518 518 519 519 519 520 520 
521 521 522 522 523 523 524 524 525 525 525 526 527 527 528 528 529 530 531 531 531 532 532 533 533 534 534 534 535 535 536 536 537 537 538 538 539 539 540 540 541 541 542 542 543 543 543 544 544 545 
545 546 546 546 547 547 548 548 549 549 550 550 551 551 552 552 553 553 553 554 554 555 555 555 556 556 557 557 558 558 559 559 560 560 561 561 562 562 563 563 564 564 565 565 566 566 567 567 568 568 
568 569 569 569 570 571 571 571 572 572 573 573 574 574 575 575 576 576 577 577 578 578 579 579 580 580 581 581 581 582 582 583 583 583 584 584 585 585 586 586 587 587 588 588 589 589 590 590 591 591 
592 592 593 593 593 594 594 595 595 596 596 596 597 597 598 598 599 599 600 600 601 601 602 602 603 603 604 604 605 605 606 606 607 607 607 608 608 609 609 609 610 610 611 611 612 612 613 613 614 614 
615 615 616 616 616 617 618 618 619 619 620 620 621 621 622 622 623 623 624 624 625 625 627 627 628 628 629 629 630 630 631 631 632 632 633 633 634 634 635 635 635 636 636 637 637 638 638 638 639 639 
640 640 641 642 642 642 643 643 644 644 645 645 646 646 647 647 648 648 649 649 650 650 651 651 652 652 653 653 654 654 655 655 656 656 657 657 658 658 659 659 660 660 661 661 661 662 662 663 663 664 
665 665 665 666 666 667 667 668 668 669 669 670 670 671 671 672 672 673 673 674 674 674 675 675 676 676 677 677 678 678 679 679 680 680 681 682 682 683 683 684 685 685 686 686 687 687 688 688 689 689 
690 690 691 691 692 692 693 693 694 694 695 695 696 696 697 697 698 698 699 699 700 700 701 701 702 702 703 703 704 704 705 705 706 706 707 707 708 708 709 709 710 710 711 711 712 712 713 713 714 714 
715 715 716 716 717 717 719 719 720 720 721 721 722 722 723 723 724 724 725 725 726 726 727 727 728 728 729 729 730 730 731 731 732 732 733 733 734 735 735 735 736 736 737 737 738 738 739 739 740 740 
741 741 742 742 743 743 744 744 745 745 746 746 747 747 748 748 749 749 750 750 751 751 752 752 753 753 754 755 755 756 756 757 757 758 758 759 759 760 760 761 761 762 762 763 763 764 764 765 765 766 
767 767 768 768 769 769 770 770 771 771 772 772 773 773 774 774 775 775 776 776 777 777 778 778 779 779 780 780 781 781 782 782 783 783 784 784 785 785 786 786 787 787 788 788 789 789 790 790 791 791 
792 793 793 794 794 795 795 796 797 797 798 798 799 799 800 800 801 801 802 802 803 803 804 804 806 806 807 807 809 809 810 810 811 811 812 812 813 813 814 814 815 815 816 816 817 817 818 819 819 820 
821 821 822 822 823 823 824 824 825 825 826 826 827 827 828 828 829 829 830 830 831 831 832 832 833 833 834 835 835 836 837 837 838 838 839 839 840 840 841 841 842 842 843 843 844 844 845 845 846 846 
847 847 848 848 849 850 850 851 852 852 853 853 854 854 855 855 856 856 857 857 858 858 859 859 860 861 861 862 863 863 864 864 865 865 866 866 867 867 868 868 869 869 870 870 871 872 872 873 874 874 
875 875 876 876 877 877 879 879 880 880 881 882 883 883 884 884 885 885 886 886 887 887 888 888 889 890 890 891 892 892 893 893 894 894 895 895 896 896 897 897 898 898 899 900 900 901 902 902 903 903 
904 904 905 905 906 906 907 907 908 908 909 909 910 911 911 912 913 913 914 914 915 915 916 916 917 917 918 918 919 919 920 920 921 921 922 923 923 924 924 925 925 926 926 927 927 928 929 929 930 930 
931 931 932 932 933 933 934 934 935 935 936 936 937 937 938 938 939 939 940 940 941 941 942 943 944 944 945 945 946 947 947 948 948 949 949 950 951 951 952 952 953 953 954 956 956 957 957 958 958 959 
959 960 960 961 961 962 962 963 963 964 964 965 965 966 967 967 968 969 969 970 970 971 971 972 972 973 973 974 974 975 975 976 976 977 977 978 979 979 980 981 981 982 982 983 983 984 984 985 985 986 
986 987 987 988 988 989 989 990 990 991 992 992 993 993 994 994 995 996 996 997 998 998 999 999 1000 1000 1001 1001 1002 1002 1003 1003 1004 1004 1005 1005 1006 1007 1007 1008 1009 1009 1010 1010 1011 1011 1012 1012 1013 1013 
1014 1014 1015 1015 1016 1017 1018 1018 1019 1019 1020 1020 1021 1021 1022 1022 1023 1023 1024 1025 1025 1026 1027 1027 1028 1028 1029 1029 1030 1031 1032 1032 1033 1033 1034 1034 1035 1035 1036 1036 1037 1038 1039 1039 1040 1040 1041 1041 1042 1042 
1043 1044 1044 1045 1046 1046 1047 1047 1048 1048 1049 1049 1050 1050 1051 1052 1052 1053 1054 1054 1055 1055 1056 1056 1057 1057 1058 1058 1059 1060 1061 1061 1062 1062 1063 1063 1064 1064 1065 1065 1066 1066 1067 1068 1068 1069 1070 1070 1071 1071 
1072 1072 1073 1073 1074 1074 1075 1076 1076 1077 1078 1078 1079 1079 1080 1080 1081 1081 1082 1083 1084 1084 1085 1085 1086 1086 1087 1087 1088 1089 1089 1090 1091 1091 1092 1092 1093 1093 1094 1094 1095 1095 1097 1097 1098 1098 1099 1099 1100 1100 
1101 1101 1102 1103 1103 1104 1105 1105 1106 1106 1107 1107 1108 1109 1109 1110 1111 1111 1112 1112 1113 1113 1114 1114 1115 1115 1116 1117 1118 1118 1120 1120 1121 1122 1123 1123 1124 1124 1125 1125 1126 1126 1127 1128 1129 1129 1130 1130 1131 1131 
1132 1132 1133 1133 1134 1135 1136 1136 1137 1137 1138 1138 1139 1139 1140 1140 1141 1142 1143 1143 1144 1144 1145 1145 1146 1146 1147 1148 1149 1149 1150 1150 1151 1151 1152 1152 1153 1153 1154 1155 1156 1156 1157 1157 1158 1158 1159 1159 1160 1161 
1162 1162 1163 1163 1164 1164 1165 1165 1167 1167 1168 1168 1169 1169 1170 1170 1171 1171 1173 1173 1174 1174 1175 1175 1176 1176 1177 1177 1179 1179 1180 1180 1181 1181 1182 1183 1183 1184 1185 1185 1186 1186 1187 1187 1189 1189 1190 1190 1191 1191 
1192 1192 1194 1194 1195 1195 1196 1197 1198 1198 1200 1200 1201 1201 1202 1202 1203 1203 1204 1205 1206 1206 1207 1207 1208 1209 1209 1210 1211 1211 1213 1213 1214 1214 1215 1215 1216 1216 1218 1218 1219 1219 1220 1220 1221 1222 1223 1223 1224 1224 
1226 1226 1227 1227 1228 1228 1229 1230 1231 1231 1232 1233 1234 1234 1235 1235 1236 1237 1238 1238 1239 1239 1240 1240 1241 1242 1243 1243 1244 1244 1245 1246 1247 1247 1248 1248 1249 1250 1251 1251 1252 1252 1253 1253 1254 1255 1256 1256 1257 1257 
1258 1259 1260 1260 1261 1261 1262 1262 1264 1264 1265 1265 1266 1266 1267 1268 1269 1269 1270 1270 1271 1271 1273 1273 1274 1274 1275 1275 1277 1277 1278 1278 1279 1279 1280 1281 1282 1282 1283 1283 1284 1285 1286 1286 1287 1287 1288 1288 1289 1290 
1291 1291 1292 1292 1293 1293 1295 1295 1296 1296 1297 1297 1298 1299 1300 1300 1301 1301 1302 1302 1304 1304 1305 1305 1306 1306 1307 1308 1309 1309 1310 1310 1311 1312 1313 1313 1314 1314 1315 1316 1317 1317 1318 1318 1320 1320 1321 1321 1322 
1322

# 2, 3600
434 435 435 435 436 436 437 437 438 438 439 439 440 440 440 441 441 442 442 443 443 444 444 445 445 446 446 446 447 447 448 448 449 449 450 450 451 451 452 452 453 453 454 454 454 455 456 456 457 457 
457 458 459 459 460 460 461 461 461 462 462 462 463 463 464 464 465 465 466 466 467 467 468 468 469 469 469 470 470 470 471 472 473 473 474 474 475 475 476 476 477 477 477 478 478 478 479 479 480 480 
481 481 482 482 483 483 483 484 484 485 485 486 486 487 487 488 488 489 489 490 490 490 491 491 492 492 493 493 493 494 494 495 495 496 496 497 497 498 498 499 499 500 501 501 502 502 503 503 503 504 
504 505 505 506 506 507 507 508 508 509 509 510 510 511 511 512 512 513 513 514 514 515 515 516 516 517 517 518 518 519 519 520 520 521 521 522 522 523 523 524 524 525 525 526 526 527 527 528 528 529 
529 530 530 531 531 532 532 533 533 534 534 535 535 536 536 537 537 538 538 539 539 540 540 541 541 542 542 543 543 544 544 545 545 546 546 547 547 548 548 549 549 550 550 551 551 552 552 553 553 554 
554 555 555 556 556 557 557 558 558 559 559 560 560 561 561 562 562 563 563 564 564 565 565 566 566 567 567 568 568 569 569 570 570 571 571 572 572 573 573 574 574 575 575 576 576 577 577 578 578 579 
579 580 580 581 581 582 582 583 583 584 584 585 585 586 586 587 587 588 588 589 589 590 590 591 591 592 592 593 593 594 594 595 595 596 596 597 597 598 598 599 599 600 600 601 601 602 602 603 603 604 
604 605 605 606 606 607 607 608 608 609 610 610 611 611 612 612 613 614 614 615 615 616 616 617 617 618 618 619 619 620 620 621 621 622 622 623 623 624 624 625 625 626 627 628 628 628 629 630 630 631 
631 632 632 633 633 634 634 635 635 636 636 637 637 638 638 639 640 641 641 642 642 643 643 644 644 645 645 646 646 647 647 648 649 649 649 650 650 651 652 653 653 654 654 655 655 656 656 657 657 658 
658 659 659 660 660 661 661 662 662 663 663 664 664 666 666 667 667 668 668 669 669 670 670 671 672 672 673 673 674 675 675 676 676 677 677 678 678 679 679 680 680 681 681 682 683 684 684 685 685 686 
686 687 687 688 688 689 689 690 690 691 691 692 692 693 694 694 695 696 696 697 697 698 698 699 699 700 700 701 701 702 702 703 703 704 704 705 705 706 706 707 707 708 708 709 709 710 711 711 712 712 
713 714 714 715 715 716 716 717 717 718 718 719 719 720 720 721 721 722 723 723 724 724 725 725 726 727 727 728 728 729 729 730 730 731 731 732 732 733 733 734 734 735 735 736 736 737 737 738 738 739 
739 740 740 741 741 742 743 743 744 745 745 746 746 747 747 748 748 749 749 750 750 751 751 752 752 753 753 754 754 755 756 756 757 757 758 759 759 760 760 761 761 762 762 763 763 764 764 765 765 766 
766 767 767 768 768 769 769 770 770 771 771 772 773 773 774 775 775 776 776 777 777 778 778 779 779 780 780 781 781 782 782 783 783 784 784 785 786 786 787 787 788 788 789 789 790 791 791 792 792 793 
793 794 794 795 795 796 796 797 797 798 798 799 799 800 800 801 801 802 802 803 803 804 804 805 806 807 807 808 808 809 809 810 810 811 811 812 812 813 813 814 814 815 815 816 816 817 818 819 819 820 
820 821 821 822 822 823 823 824 824 825 825 826 826 827 827 828 829 829 830 830 831 832 832 833 833 834 834 835 835 836 836 837 837 838 838 839 839 840 840 841 841 842 842 843 843 844 845 845 846 846 
847 847 848 848 849 850 850 851 851 852 852 853 853 854 854 855 855 856 857 858 858 859 860 861 861 862 862 863 863 864 865 866 866 867 867 868 868 869 869 870 870 871 871 872 872 873 873 874 874 875 
876 876 877 878 878 879 879 880 880 881 881 882 882 883 884 885 885 886 886 887 887 888 888 889 889 890 890 891 892 892 893 893 894 895 895 896 896 897 897 898 898 899 899 900 900 901 901 902 903 903 
904 905 905 906 906 907 907 908 908 909 909 910 910 911 911 912 912 913 913 914 914 915 916 916 917 918 918 919 919 920 920 921 921 922 922 923 923 924 924 925 925 926 926 927 928 928 929 930 930 931 
931 932 932 933 933 934 934 935 935 936 936 937 937 938 939 939 940 940 941 942 942 943 943 944 944 945 945 946 946 947 947 948 948 949 949 950 951 952 952 953 953 954 954 955 955 956 956 957 957 958 
958 959 959 960 960 961 962 963 963 964 964 965 965 966 966 967 967 968 968 969 969 970 971 972 972 973 973 974 974 975 975 976 976 977 977 978 978 979 979 980 980 981 981 982 982 983 983 984 985 985 
986 986 987 988 988 989 989 990 990 991 991 992 992 993 993 994 994 995 995 996 997 997 998 998 999 1000 1000 1001 1001 1002 1002 1003 1003 1004 1004 1005 1005 1006 1006 1007 1007 1008 1008 1009 1009 1010 1011 1011 1012 1012 
1013 1014 1014 1015 1015 1016 1016 1017 1017 1018 1018 1019 1019 1020 1020 1021 1021 1022 1023 1023 1024 1025 1025 1026 1026 1027 1027 1028 1028 1029 1029 1030 1030 1031 1031 1032 1032 1033 1033 1034 1034 1035 1035 1036 1036 1037 1038 1038 1039 1040 
1040 1041 1041 1042 1042 1043 1043 1044 1044 1045 1045 1046 1046 1047 1047 1048 1049 1050 1050 1051 1051 1052 1052 1053 1053 1054 1054 1055 1055 1056 1056 1057 1057 1058 1059 1059 1060 1061 1061 1062 1062 1063 1063 1064 1064 1065 1065 1066 1066 1067 
1067 1068 1068 1069 1070 1070 1071 1071 1072 1073 1073 1074 1074 1075 1075 1076 1076 1077 1077 1078 1078 1079 1080 1080 1081 1082 1082 1083 1083 1084 1084 1085 1085 1086 1086 1087 1087 1088 1088 1089 1089 1090 1091 1091 1092 1093 1093 1094 1094 1095 
1095 1096 1096 1097 1097 1098 1098 1099 1099 1100 1101 1101 1102 1103 1103 1104 1104 1105 1105 1106 1106 1107 1107 1108 1108 1109 1109 1110 1110 1111 1112 1112 1113 1114 1114 1115 1115 1116 1116 1117 1117 1118 1118 1119 1119 1120 1120 1121 1122 1122 
1123 1124 1124 1125 1125 1126 1126 1127 1127 1128 1128 1129 1130 1131 1131 1132 1132 1133 1133 1134 1134 1135 1135 1136 1137 1138 1138 1139 1139 1140 1140 1141 1141 1142 1142 1143 1143 1144 1144 1145 1145 1146 1147 1147 1148 1149 1149 1150 1150 1151 
1151 1152 1152 1153 1154 1155 1155 1156 1156 1157 1157 1158 1158 1159 1159 1160 1160 1161 1161 1163 1163 1164 1164 1165 1165 1166 1166 1167 1167 1168 1168 1169 1169 1170 1170 1172 1172 1173 1173 1174 1174 1175 1175 1177 1177 1178 1178 1179 1180 1180 
1181 1182 1182 1183 1183 1184 1184 1185 1185 1186 1186 1187 1188 1189 1189 1190 1190 1191 1191 1192 1192 1193 1193 1194 1194 1195 1196 1196 1197 1198 1198 1199 1199 1200 1200 1201 1201 1202 1202 1203 1203 1204 1205 1206 1206 1207 1207 1208 1208 1209 
1209 1210 1210 1211 1212 1212 1213 1214 1214 1215 1215 1216 1216 1217 1217 1218 1219 1220 1220 1221 1221 1222 1222 1223 1223 1224 1224 1225 1225 1227 1227 1228 1228 1229 1229 1230 1230 1231 1232 1233 1233 1234 1234 1236 1236 1237 1237 1239 1239 1240 
1240 1241 1241 1242 1242 1244 1244 1245 1245 1246 1247 1248 1248 1250 1250 1251 1251 1253 1253 1254 1254 1255 1255 1256 1257 1258 1258 1259 1259 1260 1260 1262 1262 1263 1263 1264 1264 1265 1265 1266 1267 1268 1268 1269 1269 1271 1271 1272 1272 1274 
1274 1275 1275 1276 1276 1277 1277 1278 1279 1280 1280 1281 1281 1282 1282 1283 1284 1285 1285 1286 1286 1287 1287 1288 1288 1289 1289 1291 1291 1292 1292 1293 1293 1294 1294 1295 1296 1297 1297 1298 1298 1299 1299 1300 1301 1302 1302 1303 1303 1304 
1304 1305 1306 1307 1307 1308 1308 1309 1309 1310 1311 1312 1312 1313 1313 1314 1314 1315 1316 1317 1317 1318 1318 1319 1319 1320 1321 1322 1322 1323 1323 1324 1324 1325 1326 1327 1327 1328 1328 1329 1329 1330 1331 1332 1332 1333 1333 1334 1334 1335 
1336 1337 1337 1338 1338 1339 1339 1341 1341 1342 1342 1343 1343 1344 1345 1346 1346 1347 1347 1348 1348 1349 1350 1351 1351 1352 1352 1353 1353 1354 1355 1356 1356 1357 1357 1358 1359 1360 1360 1361 1361 1362 1362 1364 1364 1365 1365 1366 1366 1367 
1368 1369 1369 1370 1370 1371 1371 1373 1373 1374 1374 1375 1375 1376 1377 1378 1378 1379 1379 1380 1380 1382 1382 1383 1383 1384 1384 1386 1386 1387 1387 1388 1388 1389 1390 1391 1391 1392 1392 1393 1393 1395 1395 1396 1396 1397 1397 1398 1399 1400 
1400 1401 1401 1402 1402 1403 1404 1405 1405 1406 1406 1407 1407 1408 1409 1410 1410 1411 1411 1412 1412 1413 1414 1415 1415 1416 1416 1417 1417 1418 1419 1420 1420 1421 1421 1422 1422 1424 1424 1425 1425 1426 1426 1428 1428 1429 1429 1431 1431 
1432

# 2, 3800
451 452 452 452 454 454 454 455 455 456 456 456 457 457 458 458 459 460 461 461 461 462 462 463 463 463 464 465 465 465 466 466 467 467 468 468 469 469 469 470 470 471 471 472 472 472 473 473 474 474 
475 475 476 476 477 477 478 478 478 479 479 479 480 480 481 481 482 482 483 483 484 484 485 485 485 486 486 487 487 487 488 488 489 489 490 490 491 491 492 492 493 493 493 494 494 495 495 495 496 496 
497 497 498 498 499 499 500 500 500 501 501 501 502 502 503 503 504 504 505 505 506 506 507 507 508 508 508 509 509 509 510 510 511 511 512 512 513 513 514 514 515 515 516 516 517 517 518 518 518 519 
519 519 520 520 521 521 522 522 523 523 524 524 525 525 525 526 526 526 527 527 528 529 529 530 530 530 531 531 532 532 533 533 534 535 536 536 536 537 537 538 538 538 539 539 540 540 541 541 542 542 
543 543 544 544 545 545 546 546 546 547 547 547 548 548 549 549 550 550 551 551 552 552 553 553 554 554 555 555 556 556 556 557 557 558 558 558 559 559 560 560 561 561 562 562 563 563 564 564 565 565 
566 566 567 567 568 568 569 569 569 570 570 571 571 572 572 572 573 573 574 574 575 575 576 576 577 578 578 578 579 580 580 581 582 582 583 583 584 584 585 585 586 586 587 587 588 588 589 589 590 590 
591 591 592 592 593 593 594 594 595 595 596 596 597 597 598 598 599 599 600 600 601 601 602 602 603 603 604 604 605 605 606 606 607 607 608 608 609 609 610 610 611 611 612 612 613 613 614 614 615 615 
616 616 616 617 617 618 618 619 619 620 620 621 621 621 622 622 623 624 624 625 626 626 627 627 627 628 628 629 629 629 630 630 631 631 632 632 633 633 634 634 635 635 636 636 637 637 638 638 638 639 
639 640 640 641 641 642 642 643 643 643 644 644 645 645 646 646 647 647 648 648 649 649 650 650 651 651 652 652 653 653 654 654 655 655 656 656 657 657 658 658 659 659 660 660 661 661 662 662 663 663 
664 664 665 665 666 666 667 667 667 668 668 669 669 670 670 671 671 672 672 673 673 674 674 674 675 675 676 676 678 678 679 679 680 680 681 681 682 682 683 683 684 684 685 685 686 686 687 687 688 688 
689 689 690 690 691 691 691 692 692 693 693 694 694 695 695 696 696 697 697 698 698 699 699 700 700 700 701 701 702 703 703 704 704 705 705 706 706 707 707 708 708 709 709 709 710 710 711 712 712 712 
713 713 714 714 715 715 716 716 717 717 718 718 719 719 720 720 721 721 722 722 723 723 724 724 725 725 726 726 727 727 728 728 729 729 730 730 731 731 732 732 733 733 734 734 735 735 736 736 737 737 
738 738 739 739 740 740 741 741 742 742 743 743 744 744 745 745 746 746 747 747 748 748 749 749 750 750 751 751 752 752 753 753 754 754 755 755 756 756 757 757 758 758 759 759 760 760 761 761 762 762 
763 763 763 764 764 765 765 766 766 767 767 768 768 769 769 770 771 771 771 772 773 773 774 774 775 775 776 776 777 777 778 778 779 779 780 780 781 781 782 782 783 783 784 784 785 785 785 786 787 787 
788 788 789 789 790 790 791 791 791 792 792 793 794 794 794 795 795 796 796 797 798 798 798 799 799 800 800 801 801 802 802 803 804 804 804 805 805 806 807 807 808 808 809 809 810 810 811 811 811 812 
812 813 813 814 814 815 815 816 816 817 817 818 818 819 819 820 820 821 821 822 822 823 823 824 824 825 825 826 826 827 827 828 828 829 829 830 830 831 831 832 832 833 833 834 834 835 835 836 836 837 
837 838 838 839 839 840 840 841 841 842 842 843 844 844 845 846 846 847 847 848 848 849 849 850 850 851 851 852 852 853 854 855 855 856 857 857 858 859 859 860 860 861 861 862 863 864 864 865 866 866 
867 868 869 869 870 870 872 872 873 873 874 875 876 876 877 877 878 878 879 879 880 880 881 881 882 882 883 883 884 885 885 886 886 887 888 888 889 889 890 890 891 891 892 892 893 893 894 894 895 895 
896 897 897 898 898 899 900 900 901 901 902 902 903 903 904 904 905 905 906 906 907 908 909 909 910 910 911 911 912 912 913 913 914 914 915 915 916 917 918 918 919 919 920 920 921 921 922 922 923 923 
924 924 925 926 926 927 928 928 929 929 930 930 931 931 932 932 933 933 934 935 936 936 937 937 938 938 939 939 940 940 941 941 942 942 943 943 944 945 946 946 947 947 948 948 949 949 950 950 951 951 
952 952 953 954 954 955 956 956 957 957 958 958 959 959 960 960 961 961 962 962 963 963 964 964 965 966 966 967 967 968 969 969 970 970 971 971 972 972 973 973 974 974 975 975 976 976 977 977 978 978 
979 979 980 981 981 982 982 983 984 984 985 985 986 987 988 988 989 989 990 990 991 991 992 992 993 994 995 995 996 996 997 997 998 998 999 999 1000 1001 1001 1002 1003 1003 1004 1004 1005 1005 1006 1006 1007 1008 
1008 1009 1010 1010 1011 1011 1012 1012 1013 1013 1014 1014 1015 1015 1016 1016 1017 1018 1019 1019 1020 1020 1021 1021 1022 1022 1023 1023 1024 1024 1025 1025 1026 1026 1027 1027 1028 1028 1029 1029 1030 1030 1031 1031 1033 1033 1034 1034 1035 1035 
1036 1036 1037 1037 1038 1038 1039 1039 1040 1040 1041 1042 1042 1043 1044 1044 1045 1045 1046 1046 1047 1047 1048 1049 1049 1050 1051 1051 1052 1052 1053 1053 1054 1054 1055 1055 1056 1056 1057 1057 1059 1059 1060 1060 1061 1061 1062 1063 1063 1064 
1065 1065 1066 1066 1067 1067 1068 1068 1069 1069 1070 1070 1071 1071 1072 1072 1073 1074 1075 1075 1076 1076 1077 1077 1078 1078 1079 1080 1081 1081 1082 1082 1083 1083 1084 1084 1085 1085 1086 1086 1087 1088 1089 1089 1090 1090 1091 1091 1092 1092 
1093 1094 1094 1095 1096 1096 1097 1097 1098 1098 1099 1099 1100 1100 1101 1101 1102 1103 1103 1104 1105 1105 1106 1106 1107 1107 1108 1108 1109 1109 1110 1110 1111 1112 1112 1113 1114 1114 1115 1115 1116 1116 1117 1117 1118 1119 1119 1120 1121 1121 
1122 1122 1123 1123 1124 1124 1125 1125 1126 1126 1127 1128 1129 1129 1130 1130 1131 1131 1132 1132 1133 1134 1135 1135 1136 1136 1137 1137 1138 1138 1139 1139 1140 1140 1141 1142 1143 1143 1144 1144 1145 1145 1146 1146 1147 1147 1148 1148 1149 1150 
1151 1151 1152 1152 1153 1153 1154 1154 1155 1155 1156 1157 1158 1158 1159 1159 1160 1160 1161 1161 1162 1162 1163 1164 1164 1165 1166 1166 1167 1167 1168 1168 1169 1169 1170 1170 1171 1171 1172 1173 1173 1174 1175 1175 1176 1176 1177 1177 1178 1178 
1179 1179 1180 1181 1181 1182 1183 1183 1184 1184 1185 1185 1186 1186 1187 1187 1188 1189 1190 1190 1191 1191 1192 1192 1193 1193 1194 1194 1195 1195 1196 1197 1198 1198 1199 1199 1200 1200 1201 1201 1202 1202 1203 1203 1204 1205 1206 1206 1207 1207 
1208 1208 1209 1209 1210 1210 1211 1212 1212 1213 1214 1214 1215 1215 1216 1216 1217 1217 1218 1219 1219 1220 1220 1221 1222 1222 1223 1223 1224 1224 1225 1225 1226 1226 1227 1227 1228 1229 1230 1230 1231 1231 1232 1232 1233 1233 1234 1234 1235 1235 
1236 1237 1238 1238 1239 1239 1240 1240 1241 1241 1242 1243 1244 1244 1245 1245 1246 1246 1247 1248 1248 1249 1250 1250 1251 1251 1252 1252 1253 1253 1254 1255 1255 1256 1257 1257 1258 1258 1259 1259 1260 1260 1261 1261 1262 1262 1263 1264 1265 1265 
1266 1266 1267 1267 1268 1268 1269 1269 1270 1271 1272 1272 1273 1273 1274 1274 1275 1275 1276 1276 1277 1277 1279 1279 1280 1280 1281 1281 1282 1282 1284 1284 1285 1285 1286 1286 1287 1288 1289 1289 1290 1290 1291 1291 1292 1293 1294 1294 1295 1295 
1296 1296 1297 1297 1298 1299 1299 1300 1301 1301 1302 1302 1303 1303 1304 1305 1306 1306 1307 1307 1308 1308 1309 1309 1310 1310 1311 1311 1313 1313 1314 1314 1315 1315 1316 1316 1317 1317 1318 1319 1320 1320 1321 1321 1322 1322 1323 1323 1324 1324 
1325 1326 1327 1327 1328 1328 1329 1329 1330 1330 1331 1332 1333 1333 1334 1334 1335 1335 1336 1336 1337 1338 1339 1339 1340 1340 1341 1341 1342 1342 1343 1343 1344 1345 1346 1346 1347 1347 1348 1349 1350 1350 1351 1351 1352 1352 1353 1353 1354 1355 
1356 1356 1357 1357 1358 1358 1359 1359 1361 1361 1362 1362 1363 1363 1364 1365 1366 1366 1367 1367 1368 1368 1369 1369 1370 1370 1371 1372 1373 1373 1374 1374 1375 1375 1376 1377 1378 1378 1379 1379 1380 1380 1381 1382 1383 1383 1384 1384 1385 1385 
1386 1387 1388 1388 1389 1390 1391 1391 1392 1392 1393 1393 1394 1394 1395 1396 1397 1397 1398 1398 1399 1399 1400 1400 1401 1402 1403 1403 1404 1404 1405 1405 1406 1407 1407 1408 1409 1409 1410 1410 1411 1411 1413 1413 1414 1414 1415 1415 1416 1416 
1417 1418 1419 1419 1420 1420 1421 1421 1422 1423 1424 1424 1425 1425 1426 1426 1427 1427 1429 1429 1430 1430 1431 1431 1432 1432 1433 1434 1435 1435 1436 1436 1437 1437 1438 1438 1439 1440 1441 1441 1442 1442 1444 1444 1445 1445 1446 1446 1447 1447 
1448 1449 1450 1450 1451 1451 1452 1452 1453 1453 1455 1455 1456 1456 1457 1457 1458 1458 1459 1460 1461 1461 1462 1462 1463 1463 1464 1465 1466 1466 1467 1467 1468 1468 1469 1470 1471 1471 1472 1472 1473 1473 1474 1475 1476 1476 1478 1478 1479 
1479

# 2, 4000
481 481 482 482 482 483 483 484 484 485 485 485 486 486 487 487 488 488 489 489 490 490 491 491 491 492 492 493 493 493 494 494 495 495 496 496 497 497 498 498 499 499 500 500 500 501 501 502 502 503 
503 503 504 504 505 505 506 506 507 507 508 508 509 509 509 510 510 510 511 511 512 512 513 513 514 514 515 515 516 516 517 517 518 518 519 519 520 520 520 521 521 521 522 522 523 523 524 524 525 525 
526 526 527 527 528 528 528 529 529 529 530 530 531 531 532 532 533 533 534 534 535 535 536 536 537 537 537 538 538 539 539 540 540 540 541 541 542 542 543 543 544 544 545 545 546 546 547 547 548 548 
548 549 549 550 550 550 551 551 552 552 553 553 554 554 555 555 556 556 557 557 557 558 558 558 559 559 560 560 561 561 562 562 563 563 564 564 565 565 566 566 566 567 567 567 568 568 569 569 570 570 
571 571 572 572 573 573 574 574 575 575 576 576 577 577 578 578 579 579 580 580 581 581 582 582 582 583 583 584 584 585 585 586 586 586 587 587 588 588 589 589 590 590 591 592 592 593 594 594 594 595 
595 596 596 596 597 597 598 598 599 599 600 600 601 601 602 602 603 603 604 604 605 605 605 606 606 607 607 608 608 609 609 609 610 610 611 611 612 612 613 613 614 614 615 615 616 616 617 617 618 618 
619 619 619 620 620 620 621 621 622 622 623 623 624 624 625 625 626 626 627 627 628 628 629 629 630 630 631 631 631 632 632 633 633 634 634 634 635 635 636 636 637 637 638 638 639 639 640 640 641 641 
642 642 643 643 644 644 645 645 646 646 647 647 648 648 649 649 650 650 651 651 652 652 653 653 654 654 655 655 656 656 657 657 658 658 659 659 660 660 661 661 661 662 662 662 663 664 665 665 665 666 
667 667 667 668 668 669 669 669 670 670 671 671 672 672 673 673 674 674 675 675 676 676 677 677 678 678 679 679 680 680 681 681 682 682 683 683 683 684 684 685 685 686 686 686 687 687 688 688 689 689 
690 690 691 691 692 692 693 693 694 694 695 695 696 696 697 697 697 698 699 699 699 700 700 700 701 702 702 702 703 703 704 704 705 705 706 706 707 707 708 708 709 709 710 710 711 711 712 712 713 713 
714 714 715 715 716 716 717 717 718 718 719 719 720 720 721 721 722 722 723 723 724 724 725 725 726 726 727 727 728 728 729 729 730 730 731 731 732 732 733 733 733 734 734 735 735 736 736 737 737 738 
738 739 739 740 740 741 741 742 742 743 744 744 745 745 746 746 747 747 748 748 749 749 750 750 751 751 752 752 753 753 754 754 755 755 756 756 757 758 758 759 759 759 760 760 761 761 762 762 763 763 
764 764 765 765 766 766 767 767 768 768 769 770 770 771 771 772 772 773 773 774 774 775 775 776 776 777 777 778 779 779 780 780 781 781 782 782 783 783 784 784 785 785 786 786 787 787 788 788 789 789 
790 790 791 791 792 792 793 793 794 794 795 795 796 796 797 797 798 798 799 799 800 800 801 801 802 802 803 803 804 804 805 806 807 807 808 808 809 809 810 810 811 811 812 812 813 813 814 814 815 815 
816 816 817 817 818 818 819 819 820 820 821 821 822 823 823 824 825 825 826 826 827 827 828 828 829 829 830 830 831 831 832 832 833 833 834 835 835 836 837 837 838 838 839 839 840 840 841 841 842 842 
843 843 844 844 845 845 846 846 847 847 848 848 849 849 850 850 851 851 852 852 853 853 854 854 855 856 856 857 857 858 858 859 859 860 860 861 861 862 862 863 863 864 865 865 866 866 867 867 868 868 
869 869 870 870 871 871 872 873 874 874 875 875 876 877 878 878 879 879 880 880 881 881 882 882 883 884 884 885 885 886 887 887 888 888 889 889 890 890 891 891 892 892 893 893 894 894 895 895 896 896 
897 897 898 899 899 900 901 901 902 902 903 903 904 904 905 905 906 906 907 907 908 908 909 910 911 911 912 912 913 913 914 914 915 915 916 916 917 917 918 918 919 919 920 920 921 922 922 923 924 924 
925 925 926 926 927 927 928 928 929 929 930 930 931 931 932 932 933 934 934 935 935 936 937 937 938 938 939 939 940 940 941 941 942 942 943 943 944 945 946 946 947 947 948 948 949 949 950 950 951 951 
952 952 953 953 954 955 955 956 956 957 958 958 959 959 960 960 961 961 962 962 964 964 965 965 966 966 967 967 968 969 970 970 971 971 972 972 973 974 975 975 976 976 977 977 978 978 979 979 980 980 
981 981 982 982 983 983 984 984 985 985 986 986 987 988 989 989 990 990 991 991 992 992 993 993 994 994 995 995 996 997 998 998 999 999 1000 1000 1001 1001 1002 1002 1003 1003 1004 1004 1005 1005 1006 1006 1007 1007 
1008 1008 1009 1009 1010 1011 1011 1012 1012 1013 1014 1014 1015 1015 1016 1016 1017 1017 1018 1018 1019 1019 1020 1020 1021 1021 1022 1023 1023 1024 1024 1025 1026 1026 1027 1027 1028 1028 1029 1029 1030 1030 1031 1031 1032 1032 1033 1033 1034 1035 
1036 1036 1037 1037 1038 1038 1039 1039 1040 1040 1041 1041 1042 1042 1043 1044 1045 1045 1046 1046 1047 1047 1048 1048 1049 1049 1050 1050 1051 1052 1053 1053 1054 1054 1055 1055 1056 1056 1057 1058 1059 1059 1060 1060 1061 1061 1062 1062 1063 1063 
1064 1064 1065 1066 1066 1067 1068 1068 1069 1069 1070 1070 1071 1071 1072 1073 1074 1074 1075 1075 1076 1076 1077 1077 1078 1078 1079 1080 1081 1081 1082 1082 1083 1083 1084 1084 1085 1085 1086 1087 1088 1088 1089 1089 1090 1090 1091 1091 1092 1092 
1093 1094 1095 1095 1096 1096 1097 1097 1098 1098 1099 1099 1100 1100 1101 1102 1103 1103 1104 1104 1105 1105 1106 1106 1107 1107 1108 1109 1109 1110 1111 1111 1112 1112 1113 1113 1114 1114 1115 1115 1116 1117 1117 1118 1119 1119 1120 1120 1121 1121 
1122 1122 1123 1123 1124 1124 1125 1126 1127 1127 1128 1128 1129 1129 1130 1130 1131 1131 1132 1132 1133 1134 1135 1135 1136 1136 1137 1137 1138 1138 1139 1139 1140 1140 1141 1142 1143 1143 1144 1144 1145 1146 1147 1147 1148 1148 1149 1149 1150 1150 
1151 1151 1152 1152 1153 1154 1155 1155 1156 1156 1157 1157 1158 1158 1159 1160 1161 1161 1162 1162 1163 1163 1164 1164 1165 1165 1166 1166 1168 1168 1169 1169 1170 1170 1171 1171 1172 1172 1173 1173 1174 1175 1176 1176 1177 1177 1178 1178 1179 1179 
1180 1180 1181 1182 1182 1183 1184 1184 1185 1185 1186 1186 1187 1187 1188 1189 1190 1190 1191 1191 1192 1192 1193 1193 1194 1194 1195 1196 1196 1197 1198 1198 1199 1199 1200 1200 1201 1201 1202 1202 1203 1204 1205 1205 1206 1206 1207 1207 1208 1208 
1209 1209 1210 1210 1211 1212 1213 1213 1214 1214 1215 1215 1216 1216 1217 1217 1218 1219 1220 1220 1221 1221 1222 1222 1223 1223 1224 1224 1226 1226 1227 1227 1228 1228 1229 1229 1230 1231 1232 1232 1233 1233 1234 1234 1235 1235 1236 1236 1237 1238 
1239 1239 1240 1240 1241 1241 1242 1242 1243 1244 1245 1245 1246 1246 1247 1247 1248 1248 1249 1250 1250 1251 1252 1252 1253 1253 1254 1254 1255 1255 1256 1257 1258 1258 1259 1259 1260 1260 1261 1261 1262 1262 1263 1264 1265 1265 1266 1266 1267 1267 
1268 1268 1269 1270 1271 1271 1272 1272 1273 1273 1274 1274 1275 1275 1276 1277 1278 1278 1279 1279 1280 1280 1281 1281 1282 1282 1283 1284 1285 1285 1286 1286 1287 1287 1288 1288 1289 1289 1290 1291 1292 1292 1293 1293 1294 1294 1295 1295 1296 1296 
1297 1298 1299 1299 1300 1300 1301 1301 1302 1302 1303 1304 1305 1305 1306 1306 1307 1307 1308 1308 1309 1310 1311 1311 1312 1312 1313 1313 1314 1314 1315 1315 1316 1317 1317 1318 1319 1319 1320 1320 1321 1322 1322 1323 1324 1324 1325 1325 1326 1326 
1327 1327 1328 1329 1330 1330 1331 1331 1332 1332 1333 1333 1334 1335 1336 1336 1337 1337 1338 1338 1339 1339 1340 1340 1341 1342 1343 1343 1344 1344 1345 1345 1346 1346 1347 1348 1349 1349 1350 1350 1351 1351 1352 1352 1353 1354 1355 1355 1356 1356 
1357 1357 1358 1358 1359 1360 1361 1361 1362 1362 1363 1363 1364 1364 1365 1365 1366 1367 1368 1368 1369 1369 1370 1370 1371 1371 1372 1373 1374 1374 1375 1375 1376 1376 1377 1377 1378 1379 1380 1380 1381 1381 1382 1382 1383 1383 1384 1385 1386 1386 
1386 1387 1388 1389 1389 1390 1390 1391 1391 1392 1393 1393 1394 1395 1395 1396 1396 1397 1397 1398 1399 1400 1400 1401 1401 1402 1402 1403 1403 1405 1405 1406 1406 1407 1407 1408 1409 1410 1410 1411 1411 1412 1412 1413 1414 1415 1415 1416 1416 1417 
1417 1418 1418 1420 1420 1421 1421 1422 1422 1423 1424 1425 1425 1426 1426 1427 1427 1428 1428 1429 1430 1431 1431 1432 1432 1433 1434 1435 1435 1436 1436 1437 1437 1438 1439 1440 1440 1441 1441 1443 1443 1444 1444 1445 1445 1446 1447 1448 1448 1449 
1449 1450 1451 1452 1452 1453 1453 1454 1454 1456 1456 1458 1458 1459 1459 1460 1460 1461 1462 1463 1463 1464 1464 1465 1465 1467 1467 1468 1468 1469 1469 1471 1471 1472 1472 1473 1473 1475 1475 1476 1476 1477 1477 1479 1479 1480 1480 1481 1481 1482 
1483 1484 1484 1485 1485 1486 1487 1488 1488 1489 1489 1490 1491 1492 1492 1493 1493 1495 1495 1496 1496 1497 1498 1499 1499 1500 1500 1501 1502 1503 1503 1504 1504 1505 1505 1507 1507 1508 1508 1509 1509 1511 1511 1512 1512 1513 1513 1515 1515 1516 
1516 1518 1518 1519 1519 1520 1521 1522 1522 1523 1523 1524 1524 1526 1526 1527 1527 1528 1528 1529 1530 1531 1531 1532 1532 1533 1534 1535 1535 1536 1536 1537 1538 1539 1539 1540 1540 1541 1542 1543 1543 1545 1545 1546 1546 1547 1548 1549 1549 1550 
1550 1552 1552 1553 1553 1554 1555 1556 1556 1557 1557 1558 1559 1560 1560 1561 1562 1563 1563 1564 1564 1565 1566 1567 1567 1568 1568 1570 1570 1571 1571 1573 1573 1574 1574 1575 1576 1577 1577 1578 1579 1580 1580 1581 1581 1583 1583 1584 1584 
1585 

# 50, 200
33 50 65 
79 

# 50, 400
33 49 62 76 89 102 115 
127 

# 50, 600
37 54 69 82 95 108 122 135 148 161 174 
187 

# 50, 800
35 51 67 80 94 107 120 134 147 160 173 187 200 213 227 
241 

# 50, 1000
37 54 68 81 94 107 120 133 145 158 171 184 196 209 222 235 250 263 276 
288 

# 50, 1200
39 55 69 82 95 108 124 137 150 163 177 190 203 216 230 242 256 270 283 296 309 323 336 
349 

# 50, 1400
40 55 73 90 108 121 135 148 161 175 188 201 215 229 242 256 269 282 296 309 322 335 348 362 375 388 401 
414 

# 50, 1600
41 57 71 84 97 110 123 136 149 163 176 190 203 216 230 243 257 270 283 296 309 322 334 347 360 373 386 399 412 424 437 
451 

# 50, 1800
44 60 74 87 101 114 128 141 154 168 182 197 211 224 238 253 266 281 295 309 323 337 351 365 379 393 407 420 435 448 462 476 490 504 518 
532 

# 50, 2000
43 57 70 83 96 109 122 135 148 164 177 192 209 222 235 248 261 275 289 302 315 328 341 355 368 381 394 408 425 441 458 475 491 508 526 539 552 565 578 
591 

# 50, 2200
45 61 75 89 103 116 130 144 158 172 186 200 213 227 241 255 269 283 297 311 325 339 353 367 381 395 409 423 437 451 465 479 493 507 521 535 549 562 576 590 603 617 631 
645 

# 50, 2400
46 61 76 89 103 116 130 144 157 171 185 198 212 226 239 253 266 279 293 307 321 338 353 367 381 395 408 421 435 448 463 478 492 509 523 537 551 567 581 595 609 623 638 652 666 680 694 
708

# 50, 2600
47 62 75 88 101 114 127 140 153 167 180 192 205 218 231 243 256 269 282 295 308 321 334 347 360 374 387 400 413 426 440 453 467 481 494 507 521 534 548 563 578 593 608 623 637 653 669 686 705 723 
741 
758

# 50, 2800
53 68 82 95 109 122 135 149 162 176 190 203 217 231 254 275 305 329 342 357 371 387 400 415 433 447 462 476 490 503 518 532 545 559 572 586 600 613 627 640 654 667 680 696 710 724 738 752 766 782 
797 812 827 842 857 
872

# 50, 3000
52 67 80 94 109 136 156 172 186 200 213 227 241 255 268 282 295 309 323 337 351 365 378 392 406 420 434 448 462 476 491 505 519 534 548 563 577 591 606 620 634 649 663 677 691 706 720 734 748 761 
776 789 804 818 832 846 861 876 891 
905

# 50, 3200
50 66 84 98 114 128 151 167 181 195 208 222 235 248 262 275 288 301 314 328 341 354 367 382 398 414 431 444 458 478 495 508 522 535 548 562 576 591 604 618 631 645 658 672 685 698 712 725 739 752 
767 780 794 808 822 836 850 864 878 892 906 919 933 
947

# 50, 3400
56 71 85 98 112 126 139 153 167 181 194 208 223 237 251 265 279 293 307 322 336 350 365 380 396 410 424 438 452 466 480 494 508 522 536 550 565 580 595 610 625 639 653 667 681 695 709 723 737 751 
767 781 797 811 826 841 856 870 884 899 914 928 942 957 971 986 1000 
1015

# 50, 3600
53 66 79 92 105 118 131 143 156 169 181 194 207 219 231 245 262 275 289 304 317 332 347 362 376 390 404 418 433 447 461 475 489 503 517 530 545 558 572 586 599 615 630 645 661 678 694 709 725 741 
758 775 793 811 829 847 864 879 893 907 921 935 949 963 977 991 1004 1018 1031 1044 1061 
1077 

# 50, 3800
55 68 80 93 105 119 132 144 157 169 182 194 206 219 241 262 283 305 327 348 368 381 395 408 421 434 448 461 474 487 500 513 528 542 555 568 582 595 609 622 636 649 663 676 689 703 716 731 744 757 
772 786 800 816 831 846 861 875 889 904 918 932 946 961 975 989 1003 1017 1031 1045 1060 1074 1089 1103 1120 
1134 

# 50, 4000
55 69 81 94 106 119 132 145 159 172 185 199 211 224 237 250 263 276 289 302 314 327 340 353 365 378 391 403 416 429 442 455 469 482 495 508 521 534 547 561 578 593 614 627 641 654 668 681 695 708 
721 740 760 774 787 801 817 832 851 867 881 895 908 922 936 951 965 979 993 1007 1020 1034 1048 1061 1075 1089 1102 1116 1129 
1143 

# 100, 200
45 
74 

# 100, 400
51 77 103 
129 

# 100, 600
49 79 105 132 159 
186 

# 100, 800
55 84 111 138 164 193 220 
247 

# 100, 1000
53 81 108 134 161 187 213 238 264 
291 

# 100, 1200
51 79 106 133 160 187 213 241 270 298 327 
355 

# 100, 1400
56 93 129 165 201 228 256 283 311 338 365 394 423 
452 

# 100, 1600
53 81 107 134 160 187 213 240 266 293 323 353 380 408 436 
463 

# 100, 1800
53 80 107 134 160 187 214 242 269 297 323 350 377 404 432 461 490 
519 

# 100, 2000
55 83 109 136 162 188 213 238 264 289 315 340 368 395 422 450 476 503 529 
555 

# 100, 2200
54 80 107 134 161 187 214 239 266 293 320 346 373 399 426 452 479 505 531 556 583 
613 


# 100, 2400
56 83 109 135 162 189 215 242 270 297 323 350 377 402 428 454 479 506 533 562 588 616 646 
676 

# 100, 2600
54 80 107 134 161 188 215 242 269 297 324 354 385 413 442 470 498 526 553 581 608 636 664 693 721 
749 

# 100, 2800
56 83 110 136 163 190 217 243 270 297 323 350 377 404 448 493 536 581 607 634 661 687 714 740 770 796 823 
850 

# 100, 3000
57 84 110 137 163 190 217 244 270 297 324 351 379 406 434 464 493 520 548 576 603 630 656 683 711 739 768 797 827 
857 

# 100, 3200
58 86 113 140 166 192 218 244 270 298 325 351 378 408 434 461 487 515 541 568 594 620 648 674 704 733 761 788 816 844 871 
899 

# 100, 3400
55 81 107 133 160 186 212 239 271 298 324 351 378 404 430 457 484 510 537 563 591 618 649 678 707 737 765 794 822 850 878 905 932 
961 

# 100, 3600
61 90 120 147 174 201 227 254 281 309 335 362 389 415 441 467 493 519 546 572 598 625 652 679 708 735 765 793 821 849 876 904 931 960 987 
1015

# 100, 3800
59 84 110 135 161 187 212 239 265 291 317 343 371 397 439 483 526 569 610 652 678 703 729 757 784 810 837 865 893 920 946 973 999 1025 1052 1078 1105 
1132

# 100, 4000
61 89 115 141 168 195 221 250 277 304 330 356 383 410 437 465 493 522 549 580 608 638 670 698 728 761 789 817 845 872 900 927 955 983 1011 1038 1065 1094 1122 
1150

# 200, 200
71

# 200, 400
79 
132 

# 200, 600
81 134 
189 

# 200, 800
77 129 184 
235 

# 200, 1000
76 130 183 235 
288 

# 200, 1200
78 131 184 236 288 
341 

# 200, 1400
78 130 199 266 333 383 
434 

# 200, 1600
78 132 183 237 292 347 402 
457 

# 200, 1800
77 130 184 236 288 340 395 448 
500 

# 200, 2000
75 130 184 237 291 344 396 449 502 
553 

# 200, 2200
77 130 182 235 288 341 393 445 498 550 
604 

# 200, 2400
79 133 187 240 295 350 403 457 510 562 616 
668 

# 200, 2600
80 134 186 238 291 343 394 445 497 551 605 658 
711 

# 200, 2800
119 173 227 282 335 386 440 497 555 611 667 722 776 
829 

# 200, 3000
79 131 183 237 291 345 399 452 506 560 615 671 728 781 
835 

# 200, 3200
79 133 185 237 290 342 396 449 503 556 609 661 713 765 820 
874 

# 200, 3400
81 135 189 243 298 357 414 471 526 581 636 690 743 797 849 903 
956 


# 200, 3600
77 128 181 233 287 342 396 449 502 556 609 663 718 771 826 882 936 
993 

# 200, 3800
81 132 185 237 290 342 395 448 501 553 605 656 707 759 845 934 1020 1104 
1190 


# 200, 4000
130 185 239 294 350 406 461 515 572 628 685 742 800 858 916 973 1030 1089 1148 
1207 

# 400, 400
132

# 400, 800
130 
235 

# 400, 1200
135 245 
358 

# 400, 1600
133 241 348 
453 

# 400, 2000
128 231 339 443 
550 

# 400, 2400
130 236 340 443 552 
668 

# 400, 2800
127 238 348 455 566 679 
791 

# 400, 3200
133 234 341 451 558 665 775 
886 

# 400, 3600
129 236 341 446 552 660 769 878 
989 

# 400, 4000
129 234 338 441 548 654 757 861 971 
1078 

# 600, 600
180

# 600, 1200
187 
347 

# 600, 1800
184 340 
501 

# 600, 2400
184 350 513 
679 

# 600, 3000
180 339 499 660 
826 

# 600, 3600
179 335 494 652 812 
977 

# 800, 800
235

# 800, 1600
235 
461 

# 800, 2400
239 459 
682 

# 800, 3200
236 461 677 
902 


# 800, 4000
234 441 648 863 
1080 

# 1000, 1000
283


# 1000, 2000
292 
559 

# 1000, 3000
292 572 
861 

# 1000, 4000
287 567 837 
1111 

# 1200, 1200
335


# 1200, 2400
350 
692 

# 1200, 3600
332 645 
983 

# 1400, 1400
539

# 1400, 2800
400 
796 

# 1600, 1600
448

# 1600, 3200
447 
896 

# 1800, 1800
516

# 1800, 3600
507 
1018 

# 2000, 2000
584

# 2000, 4000
545 
1093 

# 2200, 2200
625

# 2400, 2400
722

# 2600, 2600
754

# 2800, 2800
796

# 3000, 3000
877

# 3200, 3200
892

# 3400, 3400
931

# 3600, 3600
983

# 3800, 3800
1057

# 4000, 4000
1099

